8.125 77.375 NaN
8.375 77.125 NaN
8.375 77.375 NaN
8.375 77.625 NaN
8.375 77.875 NaN
8.625 76.875 NaN
8.625 77.125 NaN
8.625 77.375 NaN
8.625 77.625 NaN
8.625 77.875 NaN
8.875 76.875 NaN
8.875 77.125 NaN
8.875 77.375 NaN
8.875 77.625 NaN
8.875 77.875 NaN
9.125 76.625 NaN
9.125 76.875 NaN
9.125 77.125 NaN
9.125 77.375 NaN
9.125 77.625 NaN
9.125 77.875 NaN
9.125 78.125 NaN
9.125 78.375 NaN
9.375 76.625 NaN
9.375 76.875 NaN
9.375 77.125 NaN
9.375 77.375 NaN
9.375 77.625 NaN
9.375 77.875 NaN
9.375 78.125 NaN
9.375 78.375 NaN
9.375 78.625 NaN
9.375 78.875 NaN
9.625 76.375 NaN
9.625 76.625 NaN
9.625 76.875 NaN
9.625 77.125 NaN
9.625 77.375 NaN
9.625 77.625 NaN
9.625 77.875 NaN
9.625 78.125 NaN
9.625 78.375 NaN
9.625 78.625 NaN
9.875 76.625 NaN
9.875 76.875 NaN
9.875 77.125 NaN
9.875 77.375 NaN
9.875 77.625 NaN
9.875 77.875 NaN
9.875 78.125 NaN
9.875 78.375 NaN
9.875 78.625 NaN
9.875 78.875 NaN
10.125 76.375 NaN
10.125 76.625 NaN
10.125 76.875 NaN
10.125 77.125 NaN
10.125 77.375 NaN
10.125 77.625 NaN
10.125 77.875 NaN
10.125 78.125 NaN
10.125 78.375 NaN
10.125 78.625 NaN
10.125 78.875 NaN
10.125 79.125 NaN
10.375 76.375 NaN
10.375 76.625 NaN
10.375 76.875 NaN
10.375 77.125 NaN
10.375 77.375 NaN
10.375 77.625 NaN
10.375 77.875 NaN
10.375 78.125 NaN
10.375 78.375 NaN
10.375 78.625 NaN
10.375 78.875 NaN
10.375 79.125 NaN
10.375 79.375 NaN
10.375 79.625 NaN
10.625 76.125 NaN
10.625 76.375 NaN
10.625 76.625 NaN
10.625 76.875 NaN
10.625 77.125 NaN
10.625 77.375 NaN
10.625 77.625 NaN
10.625 77.875 NaN
10.625 78.125 NaN
10.625 78.375 NaN
10.625 78.625 NaN
10.625 78.875 NaN
10.625 79.125 NaN
10.625 79.375 NaN
10.625 79.625 NaN
10.875 76.125 NaN
10.875 76.375 NaN
10.875 76.625 NaN
10.875 76.875 NaN
10.875 77.125 NaN
10.875 77.375 NaN
10.875 77.625 NaN
10.875 77.875 NaN
10.875 78.125 NaN
10.875 78.375 NaN
10.875 78.625 NaN
10.875 78.875 NaN
10.875 79.125 NaN
10.875 79.375 NaN
10.875 79.625 NaN
11.125 76.125 NaN
11.125 76.375 NaN
11.125 76.625 NaN
11.125 76.875 NaN
11.125 77.125 NaN
11.125 77.375 NaN
11.125 77.625 NaN
11.125 77.875 NaN
11.125 78.125 NaN
11.125 78.375 NaN
11.125 78.625 NaN
11.125 78.875 NaN
11.125 79.125 NaN
11.125 79.375 NaN
11.125 79.625 NaN
11.375 75.875 NaN
11.375 76.125 NaN
11.375 76.375 NaN
11.375 76.625 NaN
11.375 76.875 NaN
11.375 77.125 NaN
11.375 77.375 NaN
11.375 77.625 NaN
11.375 77.875 NaN
11.375 78.125 NaN
11.375 78.375 NaN
11.375 78.625 NaN
11.375 78.875 NaN
11.375 79.125 NaN
11.375 79.375 NaN
11.375 79.625 NaN
11.625 75.875 NaN
11.625 76.125 NaN
11.625 76.375 NaN
11.625 76.625 NaN
11.625 76.875 NaN
11.625 77.125 NaN
11.625 77.375 NaN
11.625 77.625 NaN
11.625 77.875 NaN
11.625 78.125 NaN
11.625 78.375 NaN
11.625 78.625 NaN
11.625 78.875 NaN
11.625 79.125 NaN
11.625 79.375 NaN
11.625 79.625 NaN
11.875 75.625 NaN
11.875 75.875 NaN
11.875 76.125 NaN
11.875 76.375 NaN
11.875 76.625 NaN
11.875 76.875 NaN
11.875 77.125 NaN
11.875 77.375 NaN
11.875 77.625 NaN
11.875 77.875 NaN
11.875 78.125 NaN
11.875 78.375 NaN
11.875 78.625 NaN
11.875 78.875 NaN
11.875 79.125 NaN
11.875 79.375 NaN
11.875 79.625 NaN
12.125 75.375 NaN
12.125 75.625 NaN
12.125 75.875 NaN
12.125 76.125 NaN
12.125 76.375 NaN
12.125 76.625 NaN
12.125 76.875 NaN
12.125 77.125 NaN
12.125 77.375 NaN
12.125 77.625 NaN
12.125 77.875 NaN
12.125 78.125 NaN
12.125 78.375 NaN
12.125 78.625 NaN
12.125 78.875 NaN
12.125 79.125 NaN
12.125 79.375 NaN
12.125 79.625 NaN
12.375 75.125 NaN
12.375 75.375 NaN
12.375 75.625 NaN
12.375 75.875 NaN
12.375 76.125 NaN
12.375 76.375 NaN
12.375 76.625 NaN
12.375 76.875 NaN
12.375 77.125 NaN
12.375 77.375 NaN
12.375 77.625 NaN
12.375 77.875 NaN
12.375 78.125 NaN
12.375 78.375 NaN
12.375 78.625 NaN
12.375 78.875 NaN
12.375 79.125 NaN
12.375 79.375 NaN
12.375 79.625 NaN
12.375 79.875 NaN
12.625 75.125 NaN
12.625 75.375 NaN
12.625 75.625 NaN
12.625 75.875 NaN
12.625 76.125 NaN
12.625 76.375 NaN
12.625 76.625 NaN
12.625 76.875 NaN
12.625 77.125 NaN
12.625 77.375 NaN
12.625 77.625 NaN
12.625 77.875 NaN
12.625 78.125 NaN
12.625 78.375 NaN
12.625 78.625 NaN
12.625 78.875 NaN
12.625 79.125 NaN
12.625 79.375 NaN
12.625 79.625 NaN
12.625 79.875 NaN
12.875 75.125 NaN
12.875 75.375 NaN
12.875 75.625 NaN
12.875 75.875 NaN
12.875 76.125 NaN
12.875 76.375 NaN
12.875 76.625 NaN
12.875 76.875 NaN
12.875 77.125 NaN
12.875 77.375 NaN
12.875 77.625 NaN
12.875 77.875 NaN
12.875 78.125 NaN
12.875 78.375 NaN
12.875 78.625 NaN
12.875 78.875 NaN
12.875 79.125 NaN
12.875 79.375 NaN
12.875 79.625 NaN
12.875 79.875 NaN
13.125 74.875 NaN
13.125 75.125 NaN
13.125 75.375 NaN
13.125 75.625 NaN
13.125 75.875 NaN
13.125 76.125 NaN
13.125 76.375 NaN
13.125 76.625 NaN
13.125 76.875 NaN
13.125 77.125 NaN
13.125 77.375 NaN
13.125 77.625 NaN
13.125 77.875 NaN
13.125 78.125 NaN
13.125 78.375 NaN
13.125 78.625 NaN
13.125 78.875 NaN
13.125 79.125 NaN
13.125 79.375 NaN
13.125 79.625 NaN
13.125 79.875 NaN
13.125 80.125 NaN
13.375 74.875 NaN
13.375 75.125 NaN
13.375 75.375 NaN
13.375 75.625 NaN
13.375 75.875 NaN
13.375 76.125 NaN
13.375 76.375 NaN
13.375 76.625 NaN
13.375 76.875 NaN
13.375 77.125 NaN
13.375 77.375 NaN
13.375 77.625 NaN
13.375 77.875 NaN
13.375 78.125 NaN
13.375 78.375 NaN
13.375 78.625 NaN
13.375 78.875 NaN
13.375 79.125 NaN
13.375 79.375 NaN
13.375 79.625 NaN
13.375 79.875 NaN
13.375 80.125 NaN
13.625 74.875 NaN
13.625 75.125 NaN
13.625 75.375 NaN
13.625 75.625 NaN
13.625 75.875 NaN
13.625 76.125 NaN
13.625 76.375 NaN
13.625 76.625 NaN
13.625 76.875 NaN
13.625 77.125 NaN
13.625 77.375 NaN
13.625 77.625 NaN
13.625 77.875 NaN
13.625 78.125 NaN
13.625 78.375 NaN
13.625 78.625 NaN
13.625 78.875 NaN
13.625 79.125 NaN
13.625 79.375 NaN
13.625 79.625 NaN
13.625 79.875 NaN
13.625 80.125 NaN
13.875 74.875 NaN
13.875 75.125 NaN
13.875 75.375 NaN
13.875 75.625 NaN
13.875 75.875 NaN
13.875 76.125 NaN
13.875 76.375 NaN
13.875 76.625 NaN
13.875 76.875 NaN
13.875 77.125 NaN
13.875 77.375 NaN
13.875 77.625 NaN
13.875 77.875 NaN
13.875 78.125 NaN
13.875 78.375 NaN
13.875 78.625 NaN
13.875 78.875 NaN
13.875 79.125 NaN
13.875 79.375 NaN
13.875 79.625 NaN
13.875 79.875 NaN
14.125 74.625 NaN
14.125 74.875 NaN
14.125 75.125 NaN
14.125 75.375 NaN
14.125 75.625 NaN
14.125 75.875 NaN
14.125 76.125 NaN
14.125 76.375 NaN
14.125 76.625 NaN
14.125 76.875 NaN
14.125 77.125 NaN
14.125 77.375 NaN
14.125 77.625 NaN
14.125 77.875 NaN
14.125 78.125 NaN
14.125 78.375 NaN
14.125 78.625 NaN
14.125 78.875 NaN
14.125 79.125 NaN
14.125 79.375 NaN
14.125 79.625 NaN
14.125 79.875 NaN
14.375 74.625 NaN
14.375 74.875 NaN
14.375 75.125 NaN
14.375 75.375 NaN
14.375 75.625 NaN
14.375 75.875 NaN
14.375 76.125 NaN
14.375 76.375 NaN
14.375 76.625 NaN
14.375 76.875 NaN
14.375 77.125 NaN
14.375 77.375 NaN
14.375 77.625 NaN
14.375 77.875 NaN
14.375 78.125 NaN
14.375 78.375 NaN
14.375 78.625 NaN
14.375 78.875 NaN
14.375 79.125 NaN
14.375 79.375 NaN
14.375 79.625 NaN
14.375 79.875 NaN
14.625 74.375 NaN
14.625 74.625 NaN
14.625 74.875 NaN
14.625 75.125 NaN
14.625 75.375 NaN
14.625 75.625 NaN
14.625 75.875 NaN
14.625 76.125 NaN
14.625 76.375 NaN
14.625 76.625 NaN
14.625 76.875 NaN
14.625 77.125 NaN
14.625 77.375 NaN
14.625 77.625 NaN
14.625 77.875 NaN
14.625 78.125 NaN
14.625 78.375 NaN
14.625 78.625 NaN
14.625 78.875 NaN
14.625 79.125 NaN
14.625 79.375 NaN
14.625 79.625 NaN
14.625 79.875 NaN
14.875 74.375 NaN
14.875 74.625 NaN
14.875 74.875 NaN
14.875 75.125 NaN
14.875 75.375 NaN
14.875 75.625 NaN
14.875 75.875 NaN
14.875 76.125 NaN
14.875 76.375 NaN
14.875 76.625 NaN
14.875 76.875 NaN
14.875 77.125 NaN
14.875 77.375 NaN
14.875 77.625 NaN
14.875 77.875 NaN
14.875 78.125 NaN
14.875 78.375 NaN
14.875 78.625 NaN
14.875 78.875 NaN
14.875 79.125 NaN
14.875 79.375 NaN
14.875 79.625 NaN
14.875 79.875 NaN
15.125 74.125 NaN
15.125 74.375 NaN
15.125 74.625 NaN
15.125 74.875 NaN
15.125 75.125 NaN
15.125 75.375 NaN
15.125 75.625 NaN
15.125 75.875 NaN
15.125 76.125 NaN
15.125 76.375 NaN
15.125 76.625 NaN
15.125 76.875 NaN
15.125 77.125 NaN
15.125 77.375 NaN
15.125 77.625 NaN
15.125 77.875 NaN
15.125 78.125 NaN
15.125 78.375 NaN
15.125 78.625 NaN
15.125 78.875 NaN
15.125 79.125 NaN
15.125 79.375 NaN
15.125 79.625 NaN
15.125 79.875 NaN
15.375 73.875 NaN
15.375 74.125 NaN
15.375 74.375 NaN
15.375 74.625 NaN
15.375 74.875 NaN
15.375 75.125 NaN
15.375 75.375 NaN
15.375 75.625 NaN
15.375 75.875 NaN
15.375 76.125 NaN
15.375 76.375 NaN
15.375 76.625 NaN
15.375 76.875 NaN
15.375 77.125 NaN
15.375 77.375 NaN
15.375 77.625 NaN
15.375 77.875 NaN
15.375 78.125 NaN
15.375 78.375 NaN
15.375 78.625 NaN
15.375 78.875 NaN
15.375 79.125 NaN
15.375 79.375 NaN
15.375 79.625 NaN
15.375 79.875 NaN
15.625 73.875 NaN
15.625 74.125 NaN
15.625 74.375 NaN
15.625 74.625 NaN
15.625 74.875 NaN
15.625 75.125 NaN
15.625 75.375 NaN
15.625 75.625 NaN
15.625 75.875 NaN
15.625 76.125 NaN
15.625 76.375 NaN
15.625 76.625 NaN
15.625 76.875 NaN
15.625 77.125 NaN
15.625 77.375 NaN
15.625 77.625 NaN
15.625 77.875 NaN
15.625 78.125 NaN
15.625 78.375 NaN
15.625 78.625 NaN
15.625 78.875 NaN
15.625 79.125 NaN
15.625 79.375 NaN
15.625 79.625 NaN
15.625 79.875 NaN
15.625 80.125 NaN
15.875 73.875 NaN
15.875 74.125 NaN
15.875 74.375 NaN
15.875 74.625 NaN
15.875 74.875 NaN
15.875 75.125 NaN
15.875 75.375 NaN
15.875 75.625 NaN
15.875 75.875 NaN
15.875 76.125 NaN
15.875 76.375 NaN
15.875 76.625 NaN
15.875 76.875 NaN
15.875 77.125 NaN
15.875 77.375 NaN
15.875 77.625 NaN
15.875 77.875 NaN
15.875 78.125 NaN
15.875 78.375 NaN
15.875 78.625 NaN
15.875 78.875 NaN
15.875 79.125 NaN
15.875 79.375 NaN
15.875 79.625 NaN
15.875 79.875 NaN
15.875 80.125 NaN
15.875 80.375 NaN
15.875 80.625 NaN
15.875 80.875 NaN
16.125 73.625 NaN
16.125 73.875 NaN
16.125 74.125 NaN
16.125 74.375 NaN
16.125 74.625 NaN
16.125 74.875 NaN
16.125 75.125 NaN
16.125 75.375 NaN
16.125 75.625 NaN
16.125 75.875 NaN
16.125 76.125 NaN
16.125 76.375 NaN
16.125 76.625 NaN
16.125 76.875 NaN
16.125 77.125 NaN
16.125 77.375 NaN
16.125 77.625 NaN
16.125 77.875 NaN
16.125 78.125 NaN
16.125 78.375 NaN
16.125 78.625 NaN
16.125 78.875 NaN
16.125 79.125 NaN
16.125 79.375 NaN
16.125 79.625 NaN
16.125 79.875 NaN
16.125 80.125 NaN
16.125 80.375 NaN
16.125 80.625 NaN
16.125 80.875 NaN
16.375 73.625 NaN
16.375 73.875 NaN
16.375 74.125 NaN
16.375 74.375 NaN
16.375 74.625 NaN
16.375 74.875 NaN
16.375 75.125 NaN
16.375 75.375 NaN
16.375 75.625 NaN
16.375 75.875 NaN
16.375 76.125 NaN
16.375 76.375 NaN
16.375 76.625 NaN
16.375 76.875 NaN
16.375 77.125 NaN
16.375 77.375 NaN
16.375 77.625 NaN
16.375 77.875 NaN
16.375 78.125 NaN
16.375 78.375 NaN
16.375 78.625 NaN
16.375 78.875 NaN
16.375 79.125 NaN
16.375 79.375 NaN
16.375 79.625 NaN
16.375 79.875 NaN
16.375 80.125 NaN
16.375 80.375 NaN
16.375 80.625 NaN
16.375 80.875 NaN
16.375 81.125 NaN
16.375 81.375 NaN
16.375 81.625 NaN
16.625 73.625 NaN
16.625 73.875 NaN
16.625 74.125 NaN
16.625 74.375 NaN
16.625 74.625 NaN
16.625 74.875 NaN
16.625 75.125 NaN
16.625 75.375 NaN
16.625 75.625 NaN
16.625 75.875 NaN
16.625 76.125 NaN
16.625 76.375 NaN
16.625 76.625 NaN
16.625 76.875 NaN
16.625 77.125 NaN
16.625 77.375 NaN
16.625 77.625 NaN
16.625 77.875 NaN
16.625 78.125 NaN
16.625 78.375 NaN
16.625 78.625 NaN
16.625 78.875 NaN
16.625 79.125 NaN
16.625 79.375 NaN
16.625 79.625 NaN
16.625 79.875 NaN
16.625 80.125 NaN
16.625 80.375 NaN
16.625 80.625 NaN
16.625 80.875 NaN
16.625 81.125 NaN
16.625 81.375 NaN
16.625 81.625 NaN
16.625 81.875 NaN
16.625 82.125 NaN
16.875 73.375 NaN
16.875 73.625 NaN
16.875 73.875 NaN
16.875 74.125 NaN
16.875 74.375 NaN
16.875 74.625 NaN
16.875 74.875 NaN
16.875 75.125 NaN
16.875 75.375 NaN
16.875 75.625 NaN
16.875 75.875 NaN
16.875 76.125 NaN
16.875 76.375 NaN
16.875 76.625 NaN
16.875 76.875 NaN
16.875 77.125 NaN
16.875 77.375 NaN
16.875 77.625 NaN
16.875 77.875 NaN
16.875 78.125 NaN
16.875 78.375 NaN
16.875 78.625 NaN
16.875 78.875 NaN
16.875 79.125 NaN
16.875 79.375 NaN
16.875 79.625 NaN
16.875 79.875 NaN
16.875 80.125 NaN
16.875 80.375 NaN
16.875 80.625 NaN
16.875 80.875 NaN
16.875 81.125 NaN
16.875 81.375 NaN
16.875 81.625 NaN
16.875 81.875 NaN
16.875 82.125 NaN
17.125 73.375 NaN
17.125 73.625 NaN
17.125 73.875 NaN
17.125 74.125 NaN
17.125 74.375 NaN
17.125 74.625 NaN
17.125 74.875 NaN
17.125 75.125 NaN
17.125 75.375 NaN
17.125 75.625 NaN
17.125 75.875 NaN
17.125 76.125 NaN
17.125 76.375 NaN
17.125 76.625 NaN
17.125 76.875 NaN
17.125 77.125 NaN
17.125 77.375 NaN
17.125 77.625 NaN
17.125 77.875 NaN
17.125 78.125 NaN
17.125 78.375 NaN
17.125 78.625 NaN
17.125 78.875 NaN
17.125 79.125 NaN
17.125 79.375 NaN
17.125 79.625 NaN
17.125 79.875 NaN
17.125 80.125 NaN
17.125 80.375 NaN
17.125 80.625 NaN
17.125 80.875 NaN
17.125 81.125 NaN
17.125 81.375 NaN
17.125 81.625 NaN
17.125 81.875 NaN
17.125 82.125 NaN
17.125 82.375 NaN
17.375 73.375 NaN
17.375 73.625 NaN
17.375 73.875 NaN
17.375 74.125 NaN
17.375 74.375 NaN
17.375 74.625 NaN
17.375 74.875 NaN
17.375 75.125 NaN
17.375 75.375 NaN
17.375 75.625 NaN
17.375 75.875 NaN
17.375 76.125 NaN
17.375 76.375 NaN
17.375 76.625 NaN
17.375 76.875 NaN
17.375 77.125 NaN
17.375 77.375 NaN
17.375 77.625 NaN
17.375 77.875 NaN
17.375 78.125 NaN
17.375 78.375 NaN
17.375 78.625 NaN
17.375 78.875 NaN
17.375 79.125 NaN
17.375 79.375 NaN
17.375 79.625 NaN
17.375 79.875 NaN
17.375 80.125 NaN
17.375 80.375 NaN
17.375 80.625 NaN
17.375 80.875 NaN
17.375 81.125 NaN
17.375 81.375 NaN
17.375 81.625 NaN
17.375 81.875 NaN
17.375 82.125 NaN
17.375 82.375 NaN
17.375 82.625 NaN
17.625 73.375 NaN
17.625 73.625 NaN
17.625 73.875 NaN
17.625 74.125 NaN
17.625 74.375 NaN
17.625 74.625 NaN
17.625 74.875 NaN
17.625 75.125 NaN
17.625 75.375 NaN
17.625 75.625 NaN
17.625 75.875 NaN
17.625 76.125 NaN
17.625 76.375 NaN
17.625 76.625 NaN
17.625 76.875 NaN
17.625 77.125 NaN
17.625 77.375 NaN
17.625 77.625 NaN
17.625 77.875 NaN
17.625 78.125 NaN
17.625 78.375 NaN
17.625 78.625 NaN
17.625 78.875 NaN
17.625 79.125 NaN
17.625 79.375 NaN
17.625 79.625 NaN
17.625 79.875 NaN
17.625 80.125 NaN
17.625 80.375 NaN
17.625 80.625 NaN
17.625 80.875 NaN
17.625 81.125 NaN
17.625 81.375 NaN
17.625 81.625 NaN
17.625 81.875 NaN
17.625 82.125 NaN
17.625 82.375 NaN
17.625 82.625 NaN
17.625 82.875 NaN
17.625 83.125 NaN
17.875 73.375 NaN
17.875 73.625 NaN
17.875 73.875 NaN
17.875 74.125 NaN
17.875 74.375 NaN
17.875 74.625 NaN
17.875 74.875 NaN
17.875 75.125 NaN
17.875 75.375 NaN
17.875 75.625 NaN
17.875 75.875 NaN
17.875 76.125 NaN
17.875 76.375 NaN
17.875 76.625 NaN
17.875 76.875 NaN
17.875 77.125 NaN
17.875 77.375 NaN
17.875 77.625 NaN
17.875 77.875 NaN
17.875 78.125 NaN
17.875 78.375 NaN
17.875 78.625 NaN
17.875 78.875 NaN
17.875 79.125 NaN
17.875 79.375 NaN
17.875 79.625 NaN
17.875 79.875 NaN
17.875 80.125 NaN
17.875 80.375 NaN
17.875 80.625 NaN
17.875 80.875 NaN
17.875 81.125 NaN
17.875 81.375 NaN
17.875 81.625 NaN
17.875 81.875 NaN
17.875 82.125 NaN
17.875 82.375 NaN
17.875 82.625 NaN
17.875 82.875 NaN
17.875 83.125 NaN
17.875 83.375 NaN
18.125 73.125 NaN
18.125 73.375 NaN
18.125 73.625 NaN
18.125 73.875 NaN
18.125 74.125 NaN
18.125 74.375 NaN
18.125 74.625 NaN
18.125 74.875 NaN
18.125 75.125 NaN
18.125 75.375 NaN
18.125 75.625 NaN
18.125 75.875 NaN
18.125 76.125 NaN
18.125 76.375 NaN
18.125 76.625 NaN
18.125 76.875 NaN
18.125 77.125 NaN
18.125 77.375 NaN
18.125 77.625 NaN
18.125 77.875 NaN
18.125 78.125 NaN
18.125 78.375 NaN
18.125 78.625 NaN
18.125 78.875 NaN
18.125 79.125 NaN
18.125 79.375 NaN
18.125 79.625 NaN
18.125 79.875 NaN
18.125 80.125 NaN
18.125 80.375 NaN
18.125 80.625 NaN
18.125 80.875 NaN
18.125 81.125 NaN
18.125 81.375 NaN
18.125 81.625 NaN
18.125 81.875 NaN
18.125 82.125 NaN
18.125 82.375 NaN
18.125 82.625 NaN
18.125 82.875 NaN
18.125 83.125 NaN
18.125 83.375 NaN
18.125 83.625 NaN
18.375 73.125 NaN
18.375 73.375 NaN
18.375 73.625 NaN
18.375 73.875 NaN
18.375 74.125 NaN
18.375 74.375 NaN
18.375 74.625 NaN
18.375 74.875 NaN
18.375 75.125 NaN
18.375 75.375 NaN
18.375 75.625 NaN
18.375 75.875 NaN
18.375 76.125 NaN
18.375 76.375 NaN
18.375 76.625 NaN
18.375 76.875 NaN
18.375 77.125 NaN
18.375 77.375 NaN
18.375 77.625 NaN
18.375 77.875 NaN
18.375 78.125 NaN
18.375 78.375 NaN
18.375 78.625 NaN
18.375 78.875 NaN
18.375 79.125 NaN
18.375 79.375 NaN
18.375 79.625 NaN
18.375 79.875 NaN
18.375 80.125 NaN
18.375 80.375 NaN
18.375 80.625 NaN
18.375 80.875 NaN
18.375 81.125 NaN
18.375 81.375 NaN
18.375 81.625 NaN
18.375 81.875 NaN
18.375 82.125 NaN
18.375 82.375 NaN
18.375 82.625 NaN
18.375 82.875 NaN
18.375 83.125 NaN
18.375 83.375 NaN
18.375 83.625 NaN
18.375 83.875 NaN
18.625 73.125 NaN
18.625 73.375 NaN
18.625 73.625 NaN
18.625 73.875 NaN
18.625 74.125 NaN
18.625 74.375 NaN
18.625 74.625 NaN
18.625 74.875 NaN
18.625 75.125 NaN
18.625 75.375 NaN
18.625 75.625 NaN
18.625 75.875 NaN
18.625 76.125 NaN
18.625 76.375 NaN
18.625 76.625 NaN
18.625 76.875 NaN
18.625 77.125 NaN
18.625 77.375 NaN
18.625 77.625 NaN
18.625 77.875 NaN
18.625 78.125 NaN
18.625 78.375 NaN
18.625 78.625 NaN
18.625 78.875 NaN
18.625 79.125 NaN
18.625 79.375 NaN
18.625 79.625 NaN
18.625 79.875 NaN
18.625 80.125 NaN
18.625 80.375 NaN
18.625 80.625 NaN
18.625 80.875 NaN
18.625 81.125 NaN
18.625 81.375 NaN
18.625 81.625 NaN
18.625 81.875 NaN
18.625 82.125 NaN
18.625 82.375 NaN
18.625 82.625 NaN
18.625 82.875 NaN
18.625 83.125 NaN
18.625 83.375 NaN
18.625 83.625 NaN
18.625 83.875 NaN
18.625 84.125 NaN
18.875 73.125 NaN
18.875 73.375 NaN
18.875 73.625 NaN
18.875 73.875 NaN
18.875 74.125 NaN
18.875 74.375 NaN
18.875 74.625 NaN
18.875 74.875 NaN
18.875 75.125 NaN
18.875 75.375 NaN
18.875 75.625 NaN
18.875 75.875 NaN
18.875 76.125 NaN
18.875 76.375 NaN
18.875 76.625 NaN
18.875 76.875 NaN
18.875 77.125 NaN
18.875 77.375 NaN
18.875 77.625 NaN
18.875 77.875 NaN
18.875 78.125 NaN
18.875 78.375 NaN
18.875 78.625 NaN
18.875 78.875 NaN
18.875 79.125 NaN
18.875 79.375 NaN
18.875 79.625 NaN
18.875 79.875 NaN
18.875 80.125 NaN
18.875 80.375 NaN
18.875 80.625 NaN
18.875 80.875 NaN
18.875 81.125 NaN
18.875 81.375 NaN
18.875 81.625 NaN
18.875 81.875 NaN
18.875 82.125 NaN
18.875 82.375 NaN
18.875 82.625 NaN
18.875 82.875 NaN
18.875 83.125 NaN
18.875 83.375 NaN
18.875 83.625 NaN
18.875 83.875 NaN
18.875 84.125 NaN
18.875 84.375 NaN
19.125 73.125 NaN
19.125 73.375 NaN
19.125 73.625 NaN
19.125 73.875 NaN
19.125 74.125 NaN
19.125 74.375 NaN
19.125 74.625 NaN
19.125 74.875 NaN
19.125 75.125 NaN
19.125 75.375 NaN
19.125 75.625 NaN
19.125 75.875 NaN
19.125 76.125 NaN
19.125 76.375 NaN
19.125 76.625 NaN
19.125 76.875 NaN
19.125 77.125 NaN
19.125 77.375 NaN
19.125 77.625 NaN
19.125 77.875 NaN
19.125 78.125 NaN
19.125 78.375 NaN
19.125 78.625 NaN
19.125 78.875 NaN
19.125 79.125 NaN
19.125 79.375 NaN
19.125 79.625 NaN
19.125 79.875 NaN
19.125 80.125 NaN
19.125 80.375 NaN
19.125 80.625 NaN
19.125 80.875 NaN
19.125 81.125 NaN
19.125 81.375 NaN
19.125 81.625 NaN
19.125 81.875 NaN
19.125 82.125 NaN
19.125 82.375 NaN
19.125 82.625 NaN
19.125 82.875 NaN
19.125 83.125 NaN
19.125 83.375 NaN
19.125 83.625 NaN
19.125 83.875 NaN
19.125 84.125 NaN
19.125 84.375 NaN
19.125 84.625 NaN
19.375 72.875 NaN
19.375 73.125 NaN
19.375 73.375 NaN
19.375 73.625 NaN
19.375 73.875 NaN
19.375 74.125 NaN
19.375 74.375 NaN
19.375 74.625 NaN
19.375 74.875 NaN
19.375 75.125 NaN
19.375 75.375 NaN
19.375 75.625 NaN
19.375 75.875 NaN
19.375 76.125 NaN
19.375 76.375 NaN
19.375 76.625 NaN
19.375 76.875 NaN
19.375 77.125 NaN
19.375 77.375 NaN
19.375 77.625 NaN
19.375 77.875 NaN
19.375 78.125 NaN
19.375 78.375 NaN
19.375 78.625 NaN
19.375 78.875 NaN
19.375 79.125 NaN
19.375 79.375 NaN
19.375 79.625 NaN
19.375 79.875 NaN
19.375 80.125 NaN
19.375 80.375 NaN
19.375 80.625 NaN
19.375 80.875 NaN
19.375 81.125 NaN
19.375 81.375 NaN
19.375 81.625 NaN
19.375 81.875 NaN
19.375 82.125 NaN
19.375 82.375 NaN
19.375 82.625 NaN
19.375 82.875 NaN
19.375 83.125 NaN
19.375 83.375 NaN
19.375 83.625 NaN
19.375 83.875 NaN
19.375 84.125 NaN
19.375 84.375 NaN
19.375 84.625 NaN
19.375 84.875 NaN
19.625 72.875 NaN
19.625 73.125 NaN
19.625 73.375 NaN
19.625 73.625 NaN
19.625 73.875 NaN
19.625 74.125 NaN
19.625 74.375 NaN
19.625 74.625 NaN
19.625 74.875 NaN
19.625 75.125 NaN
19.625 75.375 NaN
19.625 75.625 NaN
19.625 75.875 NaN
19.625 76.125 NaN
19.625 76.375 NaN
19.625 76.625 NaN
19.625 76.875 NaN
19.625 77.125 NaN
19.625 77.375 NaN
19.625 77.625 NaN
19.625 77.875 NaN
19.625 78.125 NaN
19.625 78.375 NaN
19.625 78.625 NaN
19.625 78.875 NaN
19.625 79.125 NaN
19.625 79.375 NaN
19.625 79.625 NaN
19.625 79.875 NaN
19.625 80.125 NaN
19.625 80.375 NaN
19.625 80.625 NaN
19.625 80.875 NaN
19.625 81.125 NaN
19.625 81.375 NaN
19.625 81.625 NaN
19.625 81.875 NaN
19.625 82.125 NaN
19.625 82.375 NaN
19.625 82.625 NaN
19.625 82.875 NaN
19.625 83.125 NaN
19.625 83.375 NaN
19.625 83.625 NaN
19.625 83.875 NaN
19.625 84.125 NaN
19.625 84.375 NaN
19.625 84.625 NaN
19.625 84.875 NaN
19.625 85.125 NaN
19.625 85.375 NaN
19.875 72.875 NaN
19.875 73.125 NaN
19.875 73.375 NaN
19.875 73.625 NaN
19.875 73.875 NaN
19.875 74.125 NaN
19.875 74.375 NaN
19.875 74.625 NaN
19.875 74.875 NaN
19.875 75.125 NaN
19.875 75.375 NaN
19.875 75.625 NaN
19.875 75.875 NaN
19.875 76.125 NaN
19.875 76.375 NaN
19.875 76.625 NaN
19.875 76.875 NaN
19.875 77.125 NaN
19.875 77.375 NaN
19.875 77.625 NaN
19.875 77.875 NaN
19.875 78.125 NaN
19.875 78.375 NaN
19.875 78.625 NaN
19.875 78.875 NaN
19.875 79.125 NaN
19.875 79.375 NaN
19.875 79.625 NaN
19.875 79.875 NaN
19.875 80.125 NaN
19.875 80.375 NaN
19.875 80.625 NaN
19.875 80.875 NaN
19.875 81.125 NaN
19.875 81.375 NaN
19.875 81.625 NaN
19.875 81.875 NaN
19.875 82.125 NaN
19.875 82.375 NaN
19.875 82.625 NaN
19.875 82.875 NaN
19.875 83.125 NaN
19.875 83.375 NaN
19.875 83.625 NaN
19.875 83.875 NaN
19.875 84.125 NaN
19.875 84.375 NaN
19.875 84.625 NaN
19.875 84.875 NaN
19.875 85.125 NaN
19.875 85.375 NaN
19.875 85.625 NaN
19.875 85.875 NaN
19.875 86.125 NaN
20.125 72.875 NaN
20.125 73.125 NaN
20.125 73.375 NaN
20.125 73.625 NaN
20.125 73.875 NaN
20.125 74.125 NaN
20.125 74.375 NaN
20.125 74.625 NaN
20.125 74.875 NaN
20.125 75.125 NaN
20.125 75.375 NaN
20.125 75.625 NaN
20.125 75.875 NaN
20.125 76.125 NaN
20.125 76.375 NaN
20.125 76.625 NaN
20.125 76.875 NaN
20.125 77.125 NaN
20.125 77.375 NaN
20.125 77.625 NaN
20.125 77.875 NaN
20.125 78.125 NaN
20.125 78.375 NaN
20.125 78.625 NaN
20.125 78.875 NaN
20.125 79.125 NaN
20.125 79.375 NaN
20.125 79.625 NaN
20.125 79.875 NaN
20.125 80.125 NaN
20.125 80.375 NaN
20.125 80.625 NaN
20.125 80.875 NaN
20.125 81.125 NaN
20.125 81.375 NaN
20.125 81.625 NaN
20.125 81.875 NaN
20.125 82.125 NaN
20.125 82.375 NaN
20.125 82.625 NaN
20.125 82.875 NaN
20.125 83.125 NaN
20.125 83.375 NaN
20.125 83.625 NaN
20.125 83.875 NaN
20.125 84.125 NaN
20.125 84.375 NaN
20.125 84.625 NaN
20.125 84.875 NaN
20.125 85.125 NaN
20.125 85.375 NaN
20.125 85.625 NaN
20.125 85.875 NaN
20.125 86.125 NaN
20.125 86.375 NaN
20.375 73.125 NaN
20.375 73.375 NaN
20.375 73.625 NaN
20.375 73.875 NaN
20.375 74.125 NaN
20.375 74.375 NaN
20.375 74.625 NaN
20.375 74.875 NaN
20.375 75.125 NaN
20.375 75.375 NaN
20.375 75.625 NaN
20.375 75.875 NaN
20.375 76.125 NaN
20.375 76.375 NaN
20.375 76.625 NaN
20.375 76.875 NaN
20.375 77.125 NaN
20.375 77.375 NaN
20.375 77.625 NaN
20.375 77.875 NaN
20.375 78.125 NaN
20.375 78.375 NaN
20.375 78.625 NaN
20.375 78.875 NaN
20.375 79.125 NaN
20.375 79.375 NaN
20.375 79.625 NaN
20.375 79.875 NaN
20.375 80.125 NaN
20.375 80.375 NaN
20.375 80.625 NaN
20.375 80.875 NaN
20.375 81.125 NaN
20.375 81.375 NaN
20.375 81.625 NaN
20.375 81.875 NaN
20.375 82.125 NaN
20.375 82.375 NaN
20.375 82.625 NaN
20.375 82.875 NaN
20.375 83.125 NaN
20.375 83.375 NaN
20.375 83.625 NaN
20.375 83.875 NaN
20.375 84.125 NaN
20.375 84.375 NaN
20.375 84.625 NaN
20.375 84.875 NaN
20.375 85.125 NaN
20.375 85.375 NaN
20.375 85.625 NaN
20.375 85.875 NaN
20.375 86.125 NaN
20.375 86.375 NaN
20.375 86.625 NaN
20.625 73.125 NaN
20.625 73.375 NaN
20.625 73.625 NaN
20.625 73.875 NaN
20.625 74.125 NaN
20.625 74.375 NaN
20.625 74.625 NaN
20.625 74.875 NaN
20.625 75.125 NaN
20.625 75.375 NaN
20.625 75.625 NaN
20.625 75.875 NaN
20.625 76.125 NaN
20.625 76.375 NaN
20.625 76.625 NaN
20.625 76.875 NaN
20.625 77.125 NaN
20.625 77.375 NaN
20.625 77.625 NaN
20.625 77.875 NaN
20.625 78.125 NaN
20.625 78.375 NaN
20.625 78.625 NaN
20.625 78.875 NaN
20.625 79.125 NaN
20.625 79.375 NaN
20.625 79.625 NaN
20.625 79.875 NaN
20.625 80.125 NaN
20.625 80.375 NaN
20.625 80.625 NaN
20.625 80.875 NaN
20.625 81.125 NaN
20.625 81.375 NaN
20.625 81.625 NaN
20.625 81.875 NaN
20.625 82.125 NaN
20.625 82.375 NaN
20.625 82.625 NaN
20.625 82.875 NaN
20.625 83.125 NaN
20.625 83.375 NaN
20.625 83.625 NaN
20.625 83.875 NaN
20.625 84.125 NaN
20.625 84.375 NaN
20.625 84.625 NaN
20.625 84.875 NaN
20.625 85.125 NaN
20.625 85.375 NaN
20.625 85.625 NaN
20.625 85.875 NaN
20.625 86.125 NaN
20.625 86.375 NaN
20.625 86.625 NaN
20.625 86.875 NaN
20.875 70.625 NaN
20.875 70.875 NaN
20.875 71.125 NaN
20.875 71.375 NaN
20.875 72.875 NaN
20.875 73.125 NaN
20.875 73.375 NaN
20.875 73.625 NaN
20.875 73.875 NaN
20.875 74.125 NaN
20.875 74.375 NaN
20.875 74.625 NaN
20.875 74.875 NaN
20.875 75.125 NaN
20.875 75.375 NaN
20.875 75.625 NaN
20.875 75.875 NaN
20.875 76.125 NaN
20.875 76.375 NaN
20.875 76.625 NaN
20.875 76.875 NaN
20.875 77.125 NaN
20.875 77.375 NaN
20.875 77.625 NaN
20.875 77.875 NaN
20.875 78.125 NaN
20.875 78.375 NaN
20.875 78.625 NaN
20.875 78.875 NaN
20.875 79.125 NaN
20.875 79.375 NaN
20.875 79.625 NaN
20.875 79.875 NaN
20.875 80.125 NaN
20.875 80.375 NaN
20.875 80.625 NaN
20.875 80.875 NaN
20.875 81.125 NaN
20.875 81.375 NaN
20.875 81.625 NaN
20.875 81.875 NaN
20.875 82.125 NaN
20.875 82.375 NaN
20.875 82.625 NaN
20.875 82.875 NaN
20.875 83.125 NaN
20.875 83.375 NaN
20.875 83.625 NaN
20.875 83.875 NaN
20.875 84.125 NaN
20.875 84.375 NaN
20.875 84.625 NaN
20.875 84.875 NaN
20.875 85.125 NaN
20.875 85.375 NaN
20.875 85.625 NaN
20.875 85.875 NaN
20.875 86.125 NaN
20.875 86.375 NaN
20.875 86.625 NaN
21.125 70.375 NaN
21.125 70.625 NaN
21.125 70.875 NaN
21.125 71.125 NaN
21.125 71.375 NaN
21.125 71.625 NaN
21.125 71.875 NaN
21.125 72.875 NaN
21.125 73.125 NaN
21.125 73.375 NaN
21.125 73.625 NaN
21.125 73.875 NaN
21.125 74.125 NaN
21.125 74.375 NaN
21.125 74.625 NaN
21.125 74.875 NaN
21.125 75.125 NaN
21.125 75.375 NaN
21.125 75.625 NaN
21.125 75.875 NaN
21.125 76.125 NaN
21.125 76.375 NaN
21.125 76.625 NaN
21.125 76.875 NaN
21.125 77.125 NaN
21.125 77.375 NaN
21.125 77.625 NaN
21.125 77.875 NaN
21.125 78.125 NaN
21.125 78.375 NaN
21.125 78.625 NaN
21.125 78.875 NaN
21.125 79.125 NaN
21.125 79.375 NaN
21.125 79.625 NaN
21.125 79.875 NaN
21.125 80.125 NaN
21.125 80.375 NaN
21.125 80.625 NaN
21.125 80.875 NaN
21.125 81.125 NaN
21.125 81.375 NaN
21.125 81.625 NaN
21.125 81.875 NaN
21.125 82.125 NaN
21.125 82.375 NaN
21.125 82.625 NaN
21.125 82.875 NaN
21.125 83.125 NaN
21.125 83.375 NaN
21.125 83.625 NaN
21.125 83.875 NaN
21.125 84.125 NaN
21.125 84.375 NaN
21.125 84.625 NaN
21.125 84.875 NaN
21.125 85.125 NaN
21.125 85.375 NaN
21.125 85.625 NaN
21.125 85.875 NaN
21.125 86.125 NaN
21.125 86.375 NaN
21.125 86.625 NaN
21.375 70.125 NaN
21.375 70.375 NaN
21.375 70.625 NaN
21.375 70.875 NaN
21.375 71.125 NaN
21.375 71.375 NaN
21.375 71.625 NaN
21.375 71.875 NaN
21.375 72.875 NaN
21.375 73.125 NaN
21.375 73.375 NaN
21.375 73.625 NaN
21.375 73.875 NaN
21.375 74.125 NaN
21.375 74.375 NaN
21.375 74.625 NaN
21.375 74.875 NaN
21.375 75.125 NaN
21.375 75.375 NaN
21.375 75.625 NaN
21.375 75.875 NaN
21.375 76.125 NaN
21.375 76.375 NaN
21.375 76.625 NaN
21.375 76.875 NaN
21.375 77.125 NaN
21.375 77.375 NaN
21.375 77.625 NaN
21.375 77.875 NaN
21.375 78.125 NaN
21.375 78.375 NaN
21.375 78.625 NaN
21.375 78.875 NaN
21.375 79.125 NaN
21.375 79.375 NaN
21.375 79.625 NaN
21.375 79.875 NaN
21.375 80.125 NaN
21.375 80.375 NaN
21.375 80.625 NaN
21.375 80.875 NaN
21.375 81.125 NaN
21.375 81.375 NaN
21.375 81.625 NaN
21.375 81.875 NaN
21.375 82.125 NaN
21.375 82.375 NaN
21.375 82.625 NaN
21.375 82.875 NaN
21.375 83.125 NaN
21.375 83.375 NaN
21.375 83.625 NaN
21.375 83.875 NaN
21.375 84.125 NaN
21.375 84.375 NaN
21.375 84.625 NaN
21.375 84.875 NaN
21.375 85.125 NaN
21.375 85.375 NaN
21.375 85.625 NaN
21.375 85.875 NaN
21.375 86.125 NaN
21.375 86.375 NaN
21.375 86.625 NaN
21.375 86.875 NaN
21.625 69.875 NaN
21.625 70.125 NaN
21.625 70.375 NaN
21.625 70.625 NaN
21.625 70.875 NaN
21.625 71.125 NaN
21.625 71.375 NaN
21.625 71.625 NaN
21.625 71.875 NaN
21.625 72.125 NaN
21.625 72.875 NaN
21.625 73.125 NaN
21.625 73.375 NaN
21.625 73.625 NaN
21.625 73.875 NaN
21.625 74.125 NaN
21.625 74.375 NaN
21.625 74.625 NaN
21.625 74.875 NaN
21.625 75.125 NaN
21.625 75.375 NaN
21.625 75.625 NaN
21.625 75.875 NaN
21.625 76.125 NaN
21.625 76.375 NaN
21.625 76.625 NaN
21.625 76.875 NaN
21.625 77.125 NaN
21.625 77.375 NaN
21.625 77.625 NaN
21.625 77.875 NaN
21.625 78.125 NaN
21.625 78.375 NaN
21.625 78.625 NaN
21.625 78.875 NaN
21.625 79.125 NaN
21.625 79.375 NaN
21.625 79.625 NaN
21.625 79.875 NaN
21.625 80.125 NaN
21.625 80.375 NaN
21.625 80.625 NaN
21.625 80.875 NaN
21.625 81.125 NaN
21.625 81.375 NaN
21.625 81.625 NaN
21.625 81.875 NaN
21.625 82.125 NaN
21.625 82.375 NaN
21.625 82.625 NaN
21.625 82.875 NaN
21.625 83.125 NaN
21.625 83.375 NaN
21.625 83.625 NaN
21.625 83.875 NaN
21.625 84.125 NaN
21.625 84.375 NaN
21.625 84.625 NaN
21.625 84.875 NaN
21.625 85.125 NaN
21.625 85.375 NaN
21.625 85.625 NaN
21.625 85.875 NaN
21.625 86.125 NaN
21.625 86.375 NaN
21.625 86.625 NaN
21.625 86.875 NaN
21.625 87.125 NaN
21.625 87.375 NaN
21.875 69.375 NaN
21.875 69.625 NaN
21.875 69.875 NaN
21.875 70.125 NaN
21.875 70.375 NaN
21.875 70.625 NaN
21.875 70.875 NaN
21.875 71.125 NaN
21.875 71.375 NaN
21.875 71.625 NaN
21.875 71.875 NaN
21.875 72.125 NaN
21.875 72.625 NaN
21.875 72.875 NaN
21.875 73.125 NaN
21.875 73.375 NaN
21.875 73.625 NaN
21.875 73.875 NaN
21.875 74.125 NaN
21.875 74.375 NaN
21.875 74.625 NaN
21.875 74.875 NaN
21.875 75.125 NaN
21.875 75.375 NaN
21.875 75.625 NaN
21.875 75.875 NaN
21.875 76.125 NaN
21.875 76.375 NaN
21.875 76.625 NaN
21.875 76.875 NaN
21.875 77.125 NaN
21.875 77.375 NaN
21.875 77.625 NaN
21.875 77.875 NaN
21.875 78.125 NaN
21.875 78.375 NaN
21.875 78.625 NaN
21.875 78.875 NaN
21.875 79.125 NaN
21.875 79.375 NaN
21.875 79.625 NaN
21.875 79.875 NaN
21.875 80.125 NaN
21.875 80.375 NaN
21.875 80.625 NaN
21.875 80.875 NaN
21.875 81.125 NaN
21.875 81.375 NaN
21.875 81.625 NaN
21.875 81.875 NaN
21.875 82.125 NaN
21.875 82.375 NaN
21.875 82.625 NaN
21.875 82.875 NaN
21.875 83.125 NaN
21.875 83.375 NaN
21.875 83.625 NaN
21.875 83.875 NaN
21.875 84.125 NaN
21.875 84.375 NaN
21.875 84.625 NaN
21.875 84.875 NaN
21.875 85.125 NaN
21.875 85.375 NaN
21.875 85.625 NaN
21.875 85.875 NaN
21.875 86.125 NaN
21.875 86.375 NaN
21.875 86.625 NaN
21.875 86.875 NaN
21.875 87.125 NaN
21.875 87.375 NaN
21.875 87.625 NaN
21.875 87.875 NaN
21.875 88.375 NaN
21.875 88.625 NaN
21.875 88.875 NaN
22.125 69.125 NaN
22.125 69.375 NaN
22.125 69.625 NaN
22.125 69.875 NaN
22.125 70.125 NaN
22.125 70.375 NaN
22.125 70.625 NaN
22.125 70.875 NaN
22.125 71.125 NaN
22.125 71.375 NaN
22.125 71.625 NaN
22.125 71.875 NaN
22.125 72.125 NaN
22.125 72.625 NaN
22.125 72.875 NaN
22.125 73.125 NaN
22.125 73.375 NaN
22.125 73.625 NaN
22.125 73.875 NaN
22.125 74.125 NaN
22.125 74.375 NaN
22.125 74.625 NaN
22.125 74.875 NaN
22.125 75.125 NaN
22.125 75.375 NaN
22.125 75.625 NaN
22.125 75.875 NaN
22.125 76.125 NaN
22.125 76.375 NaN
22.125 76.625 NaN
22.125 76.875 NaN
22.125 77.125 NaN
22.125 77.375 NaN
22.125 77.625 NaN
22.125 77.875 NaN
22.125 78.125 NaN
22.125 78.375 NaN
22.125 78.625 NaN
22.125 78.875 NaN
22.125 79.125 NaN
22.125 79.375 NaN
22.125 79.625 NaN
22.125 79.875 NaN
22.125 80.125 NaN
22.125 80.375 NaN
22.125 80.625 NaN
22.125 80.875 NaN
22.125 81.125 NaN
22.125 81.375 NaN
22.125 81.625 NaN
22.125 81.875 NaN
22.125 82.125 NaN
22.125 82.375 NaN
22.125 82.625 NaN
22.125 82.875 NaN
22.125 83.125 NaN
22.125 83.375 NaN
22.125 83.625 NaN
22.125 83.875 NaN
22.125 84.125 NaN
22.125 84.375 NaN
22.125 84.625 NaN
22.125 84.875 NaN
22.125 85.125 NaN
22.125 85.375 NaN
22.125 85.625 NaN
22.125 85.875 NaN
22.125 86.125 NaN
22.125 86.375 NaN
22.125 86.625 NaN
22.125 86.875 NaN
22.125 87.125 NaN
22.125 87.375 NaN
22.125 87.625 NaN
22.125 87.875 NaN
22.125 88.125 NaN
22.125 88.375 NaN
22.125 92.875 NaN
22.375 69.125 NaN
22.375 69.875 NaN
22.375 70.125 NaN
22.375 70.375 NaN
22.375 70.625 NaN
22.375 70.875 NaN
22.375 71.125 NaN
22.375 71.375 NaN
22.375 71.625 NaN
22.375 71.875 NaN
22.375 72.125 NaN
22.375 72.625 NaN
22.375 72.875 NaN
22.375 73.125 NaN
22.375 73.375 NaN
22.375 73.625 NaN
22.375 73.875 NaN
22.375 74.125 NaN
22.375 74.375 NaN
22.375 74.625 NaN
22.375 74.875 NaN
22.375 75.125 NaN
22.375 75.375 NaN
22.375 75.625 NaN
22.375 75.875 NaN
22.375 76.125 NaN
22.375 76.375 NaN
22.375 76.625 NaN
22.375 76.875 NaN
22.375 77.125 NaN
22.375 77.375 NaN
22.375 77.625 NaN
22.375 77.875 NaN
22.375 78.125 NaN
22.375 78.375 NaN
22.375 78.625 NaN
22.375 78.875 NaN
22.375 79.125 NaN
22.375 79.375 NaN
22.375 79.625 NaN
22.375 79.875 NaN
22.375 80.125 NaN
22.375 80.375 NaN
22.375 80.625 NaN
22.375 80.875 NaN
22.375 81.125 NaN
22.375 81.375 NaN
22.375 81.625 NaN
22.375 81.875 NaN
22.375 82.125 NaN
22.375 82.375 NaN
22.375 82.625 NaN
22.375 82.875 NaN
22.375 83.125 NaN
22.375 83.375 NaN
22.375 83.625 NaN
22.375 83.875 NaN
22.375 84.125 NaN
22.375 84.375 NaN
22.375 84.625 NaN
22.375 84.875 NaN
22.375 85.125 NaN
22.375 85.375 NaN
22.375 85.625 NaN
22.375 85.875 NaN
22.375 86.125 NaN
22.375 86.375 NaN
22.375 86.625 NaN
22.375 86.875 NaN
22.375 87.125 NaN
22.375 87.375 NaN
22.375 87.625 NaN
22.375 87.875 NaN
22.375 88.125 NaN
22.375 88.375 NaN
22.375 88.625 NaN
22.375 88.875 NaN
22.375 92.875 NaN
22.625 70.375 NaN
22.625 70.625 NaN
22.625 70.875 NaN
22.625 71.125 NaN
22.625 71.375 NaN
22.625 71.625 NaN
22.625 71.875 NaN
22.625 72.125 NaN
22.625 72.375 NaN
22.625 72.625 NaN
22.625 72.875 NaN
22.625 73.125 NaN
22.625 73.375 NaN
22.625 73.625 NaN
22.625 73.875 NaN
22.625 74.125 NaN
22.625 74.375 NaN
22.625 74.625 NaN
22.625 74.875 NaN
22.625 75.125 NaN
22.625 75.375 NaN
22.625 75.625 NaN
22.625 75.875 NaN
22.625 76.125 NaN
22.625 76.375 NaN
22.625 76.625 NaN
22.625 76.875 NaN
22.625 77.125 NaN
22.625 77.375 NaN
22.625 77.625 NaN
22.625 77.875 NaN
22.625 78.125 NaN
22.625 78.375 NaN
22.625 78.625 NaN
22.625 78.875 NaN
22.625 79.125 NaN
22.625 79.375 NaN
22.625 79.625 NaN
22.625 79.875 NaN
22.625 80.125 NaN
22.625 80.375 NaN
22.625 80.625 NaN
22.625 80.875 NaN
22.625 81.125 NaN
22.625 81.375 NaN
22.625 81.625 NaN
22.625 81.875 NaN
22.625 82.125 NaN
22.625 82.375 NaN
22.625 82.625 NaN
22.625 82.875 NaN
22.625 83.125 NaN
22.625 83.375 NaN
22.625 83.625 NaN
22.625 83.875 NaN
22.625 84.125 NaN
22.625 84.375 NaN
22.625 84.625 NaN
22.625 84.875 NaN
22.625 85.125 NaN
22.625 85.375 NaN
22.625 85.625 NaN
22.625 85.875 NaN
22.625 86.125 NaN
22.625 86.375 NaN
22.625 86.625 NaN
22.625 86.875 NaN
22.625 87.125 NaN
22.625 87.375 NaN
22.625 87.625 NaN
22.625 87.875 NaN
22.625 88.125 NaN
22.625 88.375 NaN
22.625 88.625 NaN
22.625 88.875 NaN
22.625 92.625 NaN
22.625 92.875 NaN
22.875 69.375 NaN
22.875 69.625 NaN
22.875 69.875 NaN
22.875 70.625 NaN
22.875 70.875 NaN
22.875 71.125 NaN
22.875 71.375 NaN
22.875 71.625 NaN
22.875 71.875 NaN
22.875 72.125 NaN
22.875 72.375 NaN
22.875 72.625 NaN
22.875 72.875 NaN
22.875 73.125 NaN
22.875 73.375 NaN
22.875 73.625 NaN
22.875 73.875 NaN
22.875 74.125 NaN
22.875 74.375 NaN
22.875 74.625 NaN
22.875 74.875 NaN
22.875 75.125 NaN
22.875 75.375 NaN
22.875 75.625 NaN
22.875 75.875 NaN
22.875 76.125 NaN
22.875 76.375 NaN
22.875 76.625 NaN
22.875 76.875 NaN
22.875 77.125 NaN
22.875 77.375 NaN
22.875 77.625 NaN
22.875 77.875 NaN
22.875 78.125 NaN
22.875 78.375 NaN
22.875 78.625 NaN
22.875 78.875 NaN
22.875 79.125 NaN
22.875 79.375 NaN
22.875 79.625 NaN
22.875 79.875 NaN
22.875 80.125 NaN
22.875 80.375 NaN
22.875 80.625 NaN
22.875 80.875 NaN
22.875 81.125 NaN
22.875 81.375 NaN
22.875 81.625 NaN
22.875 81.875 NaN
22.875 82.125 NaN
22.875 82.375 NaN
22.875 82.625 NaN
22.875 82.875 NaN
22.875 83.125 NaN
22.875 83.375 NaN
22.875 83.625 NaN
22.875 83.875 NaN
22.875 84.125 NaN
22.875 84.375 NaN
22.875 84.625 NaN
22.875 84.875 NaN
22.875 85.125 NaN
22.875 85.375 NaN
22.875 85.625 NaN
22.875 85.875 NaN
22.875 86.125 NaN
22.875 86.375 NaN
22.875 86.625 NaN
22.875 86.875 NaN
22.875 87.125 NaN
22.875 87.375 NaN
22.875 87.625 NaN
22.875 87.875 NaN
22.875 88.125 NaN
22.875 88.375 NaN
22.875 88.625 NaN
22.875 92.625 NaN
22.875 92.875 NaN
23.125 68.875 NaN
23.125 69.125 NaN
23.125 69.375 NaN
23.125 69.625 NaN
23.125 69.875 NaN
23.125 70.125 NaN
23.125 70.875 NaN
23.125 71.125 NaN
23.125 71.375 NaN
23.125 71.625 NaN
23.125 71.875 NaN
23.125 72.125 NaN
23.125 72.375 NaN
23.125 72.625 NaN
23.125 72.875 NaN
23.125 73.125 NaN
23.125 73.375 NaN
23.125 73.625 NaN
23.125 73.875 NaN
23.125 74.125 NaN
23.125 74.375 NaN
23.125 74.625 NaN
23.125 74.875 NaN
23.125 75.125 NaN
23.125 75.375 NaN
23.125 75.625 NaN
23.125 75.875 NaN
23.125 76.125 NaN
23.125 76.375 NaN
23.125 76.625 NaN
23.125 76.875 NaN
23.125 77.125 NaN
23.125 77.375 NaN
23.125 77.625 NaN
23.125 77.875 NaN
23.125 78.125 NaN
23.125 78.375 NaN
23.125 78.625 NaN
23.125 78.875 NaN
23.125 79.125 NaN
23.125 79.375 NaN
23.125 79.625 NaN
23.125 79.875 NaN
23.125 80.125 NaN
23.125 80.375 NaN
23.125 80.625 NaN
23.125 80.875 NaN
23.125 81.125 NaN
23.125 81.375 NaN
23.125 81.625 NaN
23.125 81.875 NaN
23.125 82.125 NaN
23.125 82.375 NaN
23.125 82.625 NaN
23.125 82.875 NaN
23.125 83.125 NaN
23.125 83.375 NaN
23.125 83.625 NaN
23.125 83.875 NaN
23.125 84.125 NaN
23.125 84.375 NaN
23.125 84.625 NaN
23.125 84.875 NaN
23.125 85.125 NaN
23.125 85.375 NaN
23.125 85.625 NaN
23.125 85.875 NaN
23.125 86.125 NaN
23.125 86.375 NaN
23.125 86.625 NaN
23.125 86.875 NaN
23.125 87.125 NaN
23.125 87.375 NaN
23.125 87.625 NaN
23.125 87.875 NaN
23.125 88.125 NaN
23.125 88.375 NaN
23.125 88.625 NaN
23.125 91.625 NaN
23.125 92.625 NaN
23.125 92.875 NaN
23.125 93.125 NaN
23.375 68.875 NaN
23.375 69.125 NaN
23.375 69.375 NaN
23.375 69.625 NaN
23.375 69.875 NaN
23.375 70.125 NaN
23.375 70.375 NaN
23.375 70.625 NaN
23.375 70.875 NaN
23.375 71.125 NaN
23.375 71.375 NaN
23.375 71.625 NaN
23.375 71.875 NaN
23.375 72.125 NaN
23.375 72.375 NaN
23.375 72.625 NaN
23.375 72.875 NaN
23.375 73.125 NaN
23.375 73.375 NaN
23.375 73.625 NaN
23.375 73.875 NaN
23.375 74.125 NaN
23.375 74.375 NaN
23.375 74.625 NaN
23.375 74.875 NaN
23.375 75.125 NaN
23.375 75.375 NaN
23.375 75.625 NaN
23.375 75.875 NaN
23.375 76.125 NaN
23.375 76.375 NaN
23.375 76.625 NaN
23.375 76.875 NaN
23.375 77.125 NaN
23.375 77.375 NaN
23.375 77.625 NaN
23.375 77.875 NaN
23.375 78.125 NaN
23.375 78.375 NaN
23.375 78.625 NaN
23.375 78.875 NaN
23.375 79.125 NaN
23.375 79.375 NaN
23.375 79.625 NaN
23.375 79.875 NaN
23.375 80.125 NaN
23.375 80.375 NaN
23.375 80.625 NaN
23.375 80.875 NaN
23.375 81.125 NaN
23.375 81.375 NaN
23.375 81.625 NaN
23.375 81.875 NaN
23.375 82.125 NaN
23.375 82.375 NaN
23.375 82.625 NaN
23.375 82.875 NaN
23.375 83.125 NaN
23.375 83.375 NaN
23.375 83.625 NaN
23.375 83.875 NaN
23.375 84.125 NaN
23.375 84.375 NaN
23.375 84.625 NaN
23.375 84.875 NaN
23.375 85.125 NaN
23.375 85.375 NaN
23.375 85.625 NaN
23.375 85.875 NaN
23.375 86.125 NaN
23.375 86.375 NaN
23.375 86.625 NaN
23.375 86.875 NaN
23.375 87.125 NaN
23.375 87.375 NaN
23.375 87.625 NaN
23.375 87.875 NaN
23.375 88.125 NaN
23.375 88.375 NaN
23.375 88.625 NaN
23.375 91.375 NaN
23.375 91.625 NaN
23.375 92.625 NaN
23.375 92.875 NaN
23.375 93.125 NaN
23.625 68.625 NaN
23.625 68.875 NaN
23.625 69.125 NaN
23.625 69.375 NaN
23.625 69.625 NaN
23.625 69.875 NaN
23.625 70.125 NaN
23.625 70.375 NaN
23.625 70.625 NaN
23.625 70.875 NaN
23.625 71.125 NaN
23.625 71.375 NaN
23.625 71.625 NaN
23.625 71.875 NaN
23.625 72.125 NaN
23.625 72.375 NaN
23.625 72.625 NaN
23.625 72.875 NaN
23.625 73.125 NaN
23.625 73.375 NaN
23.625 73.625 NaN
23.625 73.875 NaN
23.625 74.125 NaN
23.625 74.375 NaN
23.625 74.625 NaN
23.625 74.875 NaN
23.625 75.125 NaN
23.625 75.375 NaN
23.625 75.625 NaN
23.625 75.875 NaN
23.625 76.125 NaN
23.625 76.375 NaN
23.625 76.625 NaN
23.625 76.875 NaN
23.625 77.125 NaN
23.625 77.375 NaN
23.625 77.625 NaN
23.625 77.875 NaN
23.625 78.125 NaN
23.625 78.375 NaN
23.625 78.625 NaN
23.625 78.875 NaN
23.625 79.125 NaN
23.625 79.375 NaN
23.625 79.625 NaN
23.625 79.875 NaN
23.625 80.125 NaN
23.625 80.375 NaN
23.625 80.625 NaN
23.625 80.875 NaN
23.625 81.125 NaN
23.625 81.375 NaN
23.625 81.625 NaN
23.625 81.875 NaN
23.625 82.125 NaN
23.625 82.375 NaN
23.625 82.625 NaN
23.625 82.875 NaN
23.625 83.125 NaN
23.625 83.375 NaN
23.625 83.625 NaN
23.625 83.875 NaN
23.625 84.125 NaN
23.625 84.375 NaN
23.625 84.625 NaN
23.625 84.875 NaN
23.625 85.125 NaN
23.625 85.375 NaN
23.625 85.625 NaN
23.625 85.875 NaN
23.625 86.125 NaN
23.625 86.375 NaN
23.625 86.625 NaN
23.625 86.875 NaN
23.625 87.125 NaN
23.625 87.375 NaN
23.625 87.625 NaN
23.625 87.875 NaN
23.625 88.125 NaN
23.625 88.375 NaN
23.625 91.375 NaN
23.625 91.625 NaN
23.625 91.875 NaN
23.625 92.375 NaN
23.625 92.625 NaN
23.625 92.875 NaN
23.625 93.125 NaN
23.875 68.875 NaN
23.875 69.125 NaN
23.875 69.375 NaN
23.875 69.625 NaN
23.875 69.875 NaN
23.875 70.125 NaN
23.875 70.375 NaN
23.875 70.625 NaN
23.875 70.875 NaN
23.875 71.125 NaN
23.875 71.375 NaN
23.875 71.625 NaN
23.875 71.875 NaN
23.875 72.125 NaN
23.875 72.375 NaN
23.875 72.625 NaN
23.875 72.875 NaN
23.875 73.125 NaN
23.875 73.375 NaN
23.875 73.625 NaN
23.875 73.875 NaN
23.875 74.125 NaN
23.875 74.375 NaN
23.875 74.625 NaN
23.875 74.875 NaN
23.875 75.125 NaN
23.875 75.375 NaN
23.875 75.625 NaN
23.875 75.875 NaN
23.875 76.125 NaN
23.875 76.375 NaN
23.875 76.625 NaN
23.875 76.875 NaN
23.875 77.125 NaN
23.875 77.375 NaN
23.875 77.625 NaN
23.875 77.875 NaN
23.875 78.125 NaN
23.875 78.375 NaN
23.875 78.625 NaN
23.875 78.875 NaN
23.875 79.125 NaN
23.875 79.375 NaN
23.875 79.625 NaN
23.875 79.875 NaN
23.875 80.125 NaN
23.875 80.375 NaN
23.875 80.625 NaN
23.875 80.875 NaN
23.875 81.125 NaN
23.875 81.375 NaN
23.875 81.625 NaN
23.875 81.875 NaN
23.875 82.125 NaN
23.875 82.375 NaN
23.875 82.625 NaN
23.875 82.875 NaN
23.875 83.125 NaN
23.875 83.375 NaN
23.875 83.625 NaN
23.875 83.875 NaN
23.875 84.125 NaN
23.875 84.375 NaN
23.875 84.625 NaN
23.875 84.875 NaN
23.875 85.125 NaN
23.875 85.375 NaN
23.875 85.625 NaN
23.875 85.875 NaN
23.875 86.125 NaN
23.875 86.375 NaN
23.875 86.625 NaN
23.875 86.875 NaN
23.875 87.125 NaN
23.875 87.375 NaN
23.875 87.625 NaN
23.875 87.875 NaN
23.875 88.125 NaN
23.875 88.375 NaN
23.875 91.375 NaN
23.875 91.625 NaN
23.875 91.875 NaN
23.875 92.125 NaN
23.875 92.375 NaN
23.875 92.625 NaN
23.875 92.875 NaN
23.875 93.125 NaN
23.875 93.375 NaN
24.125 68.875 NaN
24.125 69.125 NaN
24.125 69.375 NaN
24.125 69.625 NaN
24.125 69.875 NaN
24.125 70.125 NaN
24.125 70.375 NaN
24.125 70.625 NaN
24.125 70.875 NaN
24.125 71.125 NaN
24.125 71.375 NaN
24.125 71.625 NaN
24.125 71.875 NaN
24.125 72.125 NaN
24.125 72.375 NaN
24.125 72.625 NaN
24.125 72.875 NaN
24.125 73.125 NaN
24.125 73.375 NaN
24.125 73.625 NaN
24.125 73.875 NaN
24.125 74.125 NaN
24.125 74.375 NaN
24.125 74.625 NaN
24.125 74.875 NaN
24.125 75.125 NaN
24.125 75.375 NaN
24.125 75.625 NaN
24.125 75.875 NaN
24.125 76.125 NaN
24.125 76.375 NaN
24.125 76.625 NaN
24.125 76.875 NaN
24.125 77.125 NaN
24.125 77.375 NaN
24.125 77.625 NaN
24.125 77.875 NaN
24.125 78.125 NaN
24.125 78.375 NaN
24.125 78.625 NaN
24.125 78.875 NaN
24.125 79.125 NaN
24.125 79.375 NaN
24.125 79.625 NaN
24.125 79.875 NaN
24.125 80.125 NaN
24.125 80.375 NaN
24.125 80.625 NaN
24.125 80.875 NaN
24.125 81.125 NaN
24.125 81.375 NaN
24.125 81.625 NaN
24.125 81.875 NaN
24.125 82.125 NaN
24.125 82.375 NaN
24.125 82.625 NaN
24.125 82.875 NaN
24.125 83.125 NaN
24.125 83.375 NaN
24.125 83.625 NaN
24.125 83.875 NaN
24.125 84.125 NaN
24.125 84.375 NaN
24.125 84.625 NaN
24.125 84.875 NaN
24.125 85.125 NaN
24.125 85.375 NaN
24.125 85.625 NaN
24.125 85.875 NaN
24.125 86.125 NaN
24.125 86.375 NaN
24.125 86.625 NaN
24.125 86.875 NaN
24.125 87.125 NaN
24.125 87.375 NaN
24.125 87.625 NaN
24.125 87.875 NaN
24.125 88.125 NaN
24.125 88.375 NaN
24.125 91.875 NaN
24.125 92.125 NaN
24.125 92.375 NaN
24.125 92.625 NaN
24.125 92.875 NaN
24.125 93.125 NaN
24.125 93.375 NaN
24.125 93.625 NaN
24.125 93.875 NaN
24.125 94.125 NaN
24.375 71.375 NaN
24.375 71.625 NaN
24.375 71.875 NaN
24.375 72.125 NaN
24.375 72.375 NaN
24.375 72.625 NaN
24.375 72.875 NaN
24.375 73.125 NaN
24.375 73.375 NaN
24.375 73.625 NaN
24.375 73.875 NaN
24.375 74.125 NaN
24.375 74.375 NaN
24.375 74.625 NaN
24.375 74.875 NaN
24.375 75.125 NaN
24.375 75.375 NaN
24.375 75.625 NaN
24.375 75.875 NaN
24.375 76.125 NaN
24.375 76.375 NaN
24.375 76.625 NaN
24.375 76.875 NaN
24.375 77.125 NaN
24.375 77.375 NaN
24.375 77.625 NaN
24.375 77.875 NaN
24.375 78.125 NaN
24.375 78.375 NaN
24.375 78.625 NaN
24.375 78.875 NaN
24.375 79.125 NaN
24.375 79.375 NaN
24.375 79.625 NaN
24.375 79.875 NaN
24.375 80.125 NaN
24.375 80.375 NaN
24.375 80.625 NaN
24.375 80.875 NaN
24.375 81.125 NaN
24.375 81.375 NaN
24.375 81.625 NaN
24.375 81.875 NaN
24.375 82.125 NaN
24.375 82.375 NaN
24.375 82.625 NaN
24.375 82.875 NaN
24.375 83.125 NaN
24.375 83.375 NaN
24.375 83.625 NaN
24.375 83.875 NaN
24.375 84.125 NaN
24.375 84.375 NaN
24.375 84.625 NaN
24.375 84.875 NaN
24.375 85.125 NaN
24.375 85.375 NaN
24.375 85.625 NaN
24.375 85.875 NaN
24.375 86.125 NaN
24.375 86.375 NaN
24.375 86.625 NaN
24.375 86.875 NaN
24.375 87.125 NaN
24.375 87.375 NaN
24.375 87.625 NaN
24.375 87.875 NaN
24.375 88.125 NaN
24.375 92.375 NaN
24.375 92.625 NaN
24.375 92.875 NaN
24.375 93.125 NaN
24.375 93.375 NaN
24.375 93.625 NaN
24.375 93.875 NaN
24.375 94.125 NaN
24.625 71.125 NaN
24.625 71.375 NaN
24.625 71.625 NaN
24.625 71.875 NaN
24.625 72.125 NaN
24.625 72.375 NaN
24.625 72.625 NaN
24.625 72.875 NaN
24.625 73.125 NaN
24.625 73.375 NaN
24.625 73.625 NaN
24.625 73.875 NaN
24.625 74.125 NaN
24.625 74.375 NaN
24.625 74.625 NaN
24.625 74.875 NaN
24.625 75.125 NaN
24.625 75.375 NaN
24.625 75.625 NaN
24.625 75.875 NaN
24.625 76.125 NaN
24.625 76.375 NaN
24.625 76.625 NaN
24.625 76.875 NaN
24.625 77.125 NaN
24.625 77.375 NaN
24.625 77.625 NaN
24.625 77.875 NaN
24.625 78.125 NaN
24.625 78.375 NaN
24.625 78.625 NaN
24.625 78.875 NaN
24.625 79.125 NaN
24.625 79.375 NaN
24.625 79.625 NaN
24.625 79.875 NaN
24.625 80.125 NaN
24.625 80.375 NaN
24.625 80.625 NaN
24.625 80.875 NaN
24.625 81.125 NaN
24.625 81.375 NaN
24.625 81.625 NaN
24.625 81.875 NaN
24.625 82.125 NaN
24.625 82.375 NaN
24.625 82.625 NaN
24.625 82.875 NaN
24.625 83.125 NaN
24.625 83.375 NaN
24.625 83.625 NaN
24.625 83.875 NaN
24.625 84.125 NaN
24.625 84.375 NaN
24.625 84.625 NaN
24.625 84.875 NaN
24.625 85.125 NaN
24.625 85.375 NaN
24.625 85.625 NaN
24.625 85.875 NaN
24.625 86.125 NaN
24.625 86.375 NaN
24.625 86.625 NaN
24.625 86.875 NaN
24.625 87.125 NaN
24.625 87.375 NaN
24.625 87.625 NaN
24.625 87.875 NaN
24.625 92.375 NaN
24.625 92.625 NaN
24.625 92.875 NaN
24.625 93.125 NaN
24.625 93.375 NaN
24.625 93.625 NaN
24.625 93.875 NaN
24.625 94.125 NaN
24.625 94.375 NaN
24.875 71.125 NaN
24.875 71.375 NaN
24.875 71.625 NaN
24.875 71.875 NaN
24.875 72.125 NaN
24.875 72.375 NaN
24.875 72.625 NaN
24.875 72.875 NaN
24.875 73.125 NaN
24.875 73.375 NaN
24.875 73.625 NaN
24.875 73.875 NaN
24.875 74.125 NaN
24.875 74.375 NaN
24.875 74.625 NaN
24.875 74.875 NaN
24.875 75.125 NaN
24.875 75.375 NaN
24.875 75.625 NaN
24.875 75.875 NaN
24.875 76.125 NaN
24.875 76.375 NaN
24.875 76.625 NaN
24.875 76.875 NaN
24.875 77.125 NaN
24.875 77.375 NaN
24.875 77.625 NaN
24.875 77.875 NaN
24.875 78.125 NaN
24.875 78.375 NaN
24.875 78.625 NaN
24.875 78.875 NaN
24.875 79.125 NaN
24.875 79.375 NaN
24.875 79.625 NaN
24.875 79.875 NaN
24.875 80.125 NaN
24.875 80.375 NaN
24.875 80.625 NaN
24.875 80.875 NaN
24.875 81.125 NaN
24.875 81.375 NaN
24.875 81.625 NaN
24.875 81.875 NaN
24.875 82.125 NaN
24.875 82.375 NaN
24.875 82.625 NaN
24.875 82.875 NaN
24.875 83.125 NaN
24.875 83.375 NaN
24.875 83.625 NaN
24.875 83.875 NaN
24.875 84.125 NaN
24.875 84.375 NaN
24.875 84.625 NaN
24.875 84.875 NaN
24.875 85.125 NaN
24.875 85.375 NaN
24.875 85.625 NaN
24.875 85.875 NaN
24.875 86.125 NaN
24.875 86.375 NaN
24.875 86.625 NaN
24.875 86.875 NaN
24.875 87.125 NaN
24.875 87.375 NaN
24.875 87.625 NaN
24.875 87.875 NaN
24.875 88.125 NaN
24.875 92.625 NaN
24.875 92.875 NaN
24.875 93.125 NaN
24.875 93.375 NaN
24.875 93.625 NaN
24.875 93.875 NaN
24.875 94.125 NaN
24.875 94.375 NaN
25.125 71.125 NaN
25.125 71.375 NaN
25.125 71.625 NaN
25.125 71.875 NaN
25.125 72.125 NaN
25.125 72.375 NaN
25.125 72.625 NaN
25.125 72.875 NaN
25.125 73.125 NaN
25.125 73.375 NaN
25.125 73.625 NaN
25.125 73.875 NaN
25.125 74.125 NaN
25.125 74.375 NaN
25.125 74.625 NaN
25.125 74.875 NaN
25.125 75.125 NaN
25.125 75.375 NaN
25.125 75.625 NaN
25.125 75.875 NaN
25.125 76.125 NaN
25.125 76.375 NaN
25.125 76.625 NaN
25.125 76.875 NaN
25.125 77.125 NaN
25.125 77.375 NaN
25.125 77.625 NaN
25.125 77.875 NaN
25.125 78.125 NaN
25.125 78.375 NaN
25.125 78.625 NaN
25.125 78.875 NaN
25.125 79.125 NaN
25.125 79.375 NaN
25.125 79.625 NaN
25.125 79.875 NaN
25.125 80.125 NaN
25.125 80.375 NaN
25.125 80.625 NaN
25.125 80.875 NaN
25.125 81.125 NaN
25.125 81.375 NaN
25.125 81.625 NaN
25.125 81.875 NaN
25.125 82.125 NaN
25.125 82.375 NaN
25.125 82.625 NaN
25.125 82.875 NaN
25.125 83.125 NaN
25.125 83.375 NaN
25.125 83.625 NaN
25.125 83.875 NaN
25.125 84.125 NaN
25.125 84.375 NaN
25.125 84.625 NaN
25.125 84.875 NaN
25.125 85.125 NaN
25.125 85.375 NaN
25.125 85.625 NaN
25.125 85.875 NaN
25.125 86.125 NaN
25.125 86.375 NaN
25.125 86.625 NaN
25.125 86.875 NaN
25.125 87.125 NaN
25.125 87.375 NaN
25.125 87.625 NaN
25.125 87.875 NaN
25.125 88.125 NaN
25.125 88.375 NaN
25.125 92.375 NaN
25.125 92.625 NaN
25.125 92.875 NaN
25.125 93.125 NaN
25.125 93.375 NaN
25.125 93.625 NaN
25.125 93.875 NaN
25.125 94.125 NaN
25.125 94.375 NaN
25.375 70.875 NaN
25.375 71.125 NaN
25.375 71.375 NaN
25.375 71.625 NaN
25.375 71.875 NaN
25.375 72.125 NaN
25.375 72.375 NaN
25.375 72.625 NaN
25.375 72.875 NaN
25.375 73.125 NaN
25.375 73.375 NaN
25.375 73.625 NaN
25.375 73.875 NaN
25.375 74.125 NaN
25.375 74.375 NaN
25.375 74.625 NaN
25.375 74.875 NaN
25.375 75.125 NaN
25.375 75.375 NaN
25.375 75.625 NaN
25.375 75.875 NaN
25.375 76.125 NaN
25.375 76.375 NaN
25.375 76.625 NaN
25.375 76.875 NaN
25.375 77.125 NaN
25.375 77.375 NaN
25.375 77.625 NaN
25.375 77.875 NaN
25.375 78.125 NaN
25.375 78.375 NaN
25.375 78.625 NaN
25.375 78.875 NaN
25.375 79.125 NaN
25.375 79.375 NaN
25.375 79.625 NaN
25.375 79.875 NaN
25.375 80.125 NaN
25.375 80.375 NaN
25.375 80.625 NaN
25.375 80.875 NaN
25.375 81.125 NaN
25.375 81.375 NaN
25.375 81.625 NaN
25.375 81.875 NaN
25.375 82.125 NaN
25.375 82.375 NaN
25.375 82.625 NaN
25.375 82.875 NaN
25.375 83.125 NaN
25.375 83.375 NaN
25.375 83.625 NaN
25.375 83.875 NaN
25.375 84.125 NaN
25.375 84.375 NaN
25.375 84.625 NaN
25.375 84.875 NaN
25.375 85.125 NaN
25.375 85.375 NaN
25.375 85.625 NaN
25.375 85.875 NaN
25.375 86.125 NaN
25.375 86.375 NaN
25.375 86.625 NaN
25.375 86.875 NaN
25.375 87.125 NaN
25.375 87.375 NaN
25.375 87.625 NaN
25.375 87.875 NaN
25.375 88.125 NaN
25.375 88.375 NaN
25.375 88.625 NaN
25.375 90.125 NaN
25.375 90.375 NaN
25.375 90.625 NaN
25.375 90.875 NaN
25.375 91.125 NaN
25.375 91.375 NaN
25.375 91.625 NaN
25.375 91.875 NaN
25.375 92.125 NaN
25.375 92.375 NaN
25.375 92.625 NaN
25.375 92.875 NaN
25.375 93.125 NaN
25.375 93.375 NaN
25.375 93.625 NaN
25.375 93.875 NaN
25.375 94.125 NaN
25.375 94.375 NaN
25.625 70.875 NaN
25.625 71.125 NaN
25.625 71.375 NaN
25.625 71.625 NaN
25.625 71.875 NaN
25.625 72.125 NaN
25.625 72.375 NaN
25.625 72.625 NaN
25.625 72.875 NaN
25.625 73.125 NaN
25.625 73.375 NaN
25.625 73.625 NaN
25.625 73.875 NaN
25.625 74.125 NaN
25.625 74.375 NaN
25.625 74.625 NaN
25.625 74.875 NaN
25.625 75.125 NaN
25.625 75.375 NaN
25.625 75.625 NaN
25.625 75.875 NaN
25.625 76.125 NaN
25.625 76.375 NaN
25.625 76.625 NaN
25.625 76.875 NaN
25.625 77.125 NaN
25.625 77.375 NaN
25.625 77.625 NaN
25.625 77.875 NaN
25.625 78.125 NaN
25.625 78.375 NaN
25.625 78.625 NaN
25.625 78.875 NaN
25.625 79.125 NaN
25.625 79.375 NaN
25.625 79.625 NaN
25.625 79.875 NaN
25.625 80.125 NaN
25.625 80.375 NaN
25.625 80.625 NaN
25.625 80.875 NaN
25.625 81.125 NaN
25.625 81.375 NaN
25.625 81.625 NaN
25.625 81.875 NaN
25.625 82.125 NaN
25.625 82.375 NaN
25.625 82.625 NaN
25.625 82.875 NaN
25.625 83.125 NaN
25.625 83.375 NaN
25.625 83.625 NaN
25.625 83.875 NaN
25.625 84.125 NaN
25.625 84.375 NaN
25.625 84.625 NaN
25.625 84.875 NaN
25.625 85.125 NaN
25.625 85.375 NaN
25.625 85.625 NaN
25.625 85.875 NaN
25.625 86.125 NaN
25.625 86.375 NaN
25.625 86.625 NaN
25.625 86.875 NaN
25.625 87.125 NaN
25.625 87.375 NaN
25.625 87.625 NaN
25.625 87.875 NaN
25.625 88.125 NaN
25.625 90.125 NaN
25.625 90.375 NaN
25.625 90.625 NaN
25.625 90.875 NaN
25.625 91.125 NaN
25.625 91.375 NaN
25.625 91.625 NaN
25.625 91.875 NaN
25.625 92.125 NaN
25.625 92.375 NaN
25.625 92.625 NaN
25.625 92.875 NaN
25.625 93.125 NaN
25.625 93.375 NaN
25.625 93.625 NaN
25.625 93.875 NaN
25.625 94.125 NaN
25.625 94.375 NaN
25.625 94.625 NaN
25.625 94.875 NaN
25.875 70.375 NaN
25.875 70.625 NaN
25.875 70.875 NaN
25.875 71.125 NaN
25.875 71.375 NaN
25.875 71.625 NaN
25.875 71.875 NaN
25.875 72.125 NaN
25.875 72.375 NaN
25.875 72.625 NaN
25.875 72.875 NaN
25.875 73.125 NaN
25.875 73.375 NaN
25.875 73.625 NaN
25.875 73.875 NaN
25.875 74.125 NaN
25.875 74.375 NaN
25.875 74.625 NaN
25.875 74.875 NaN
25.875 75.125 NaN
25.875 75.375 NaN
25.875 75.625 NaN
25.875 75.875 NaN
25.875 76.125 NaN
25.875 76.375 NaN
25.875 76.625 NaN
25.875 76.875 NaN
25.875 77.125 NaN
25.875 77.375 NaN
25.875 77.625 NaN
25.875 77.875 NaN
25.875 78.125 NaN
25.875 78.375 NaN
25.875 78.625 NaN
25.875 78.875 NaN
25.875 79.125 NaN
25.875 79.375 NaN
25.875 79.625 NaN
25.875 79.875 NaN
25.875 80.125 NaN
25.875 80.375 NaN
25.875 80.625 NaN
25.875 80.875 NaN
25.875 81.125 NaN
25.875 81.375 NaN
25.875 81.625 NaN
25.875 81.875 NaN
25.875 82.125 NaN
25.875 82.375 NaN
25.875 82.625 NaN
25.875 82.875 NaN
25.875 83.125 NaN
25.875 83.375 NaN
25.875 83.625 NaN
25.875 83.875 NaN
25.875 84.125 NaN
25.875 84.375 NaN
25.875 84.625 NaN
25.875 84.875 NaN
25.875 85.125 NaN
25.875 85.375 NaN
25.875 85.625 NaN
25.875 85.875 NaN
25.875 86.125 NaN
25.875 86.375 NaN
25.875 86.625 NaN
25.875 86.875 NaN
25.875 87.125 NaN
25.875 87.375 NaN
25.875 87.625 NaN
25.875 87.875 NaN
25.875 90.125 NaN
25.875 90.375 NaN
25.875 90.625 NaN
25.875 90.875 NaN
25.875 91.125 NaN
25.875 91.375 NaN
25.875 91.625 NaN
25.875 91.875 NaN
25.875 92.125 NaN
25.875 92.375 NaN
25.875 92.625 NaN
25.875 92.875 NaN
25.875 93.125 NaN
25.875 93.375 NaN
25.875 93.625 NaN
25.875 93.875 NaN
25.875 94.125 NaN
25.875 94.375 NaN
25.875 94.625 NaN
25.875 94.875 NaN
26.125 70.375 NaN
26.125 70.625 NaN
26.125 70.875 NaN
26.125 71.125 NaN
26.125 71.375 NaN
26.125 71.625 NaN
26.125 71.875 NaN
26.125 72.125 NaN
26.125 72.375 NaN
26.125 72.625 NaN
26.125 72.875 NaN
26.125 73.125 NaN
26.125 73.375 NaN
26.125 73.625 NaN
26.125 73.875 NaN
26.125 74.125 NaN
26.125 74.375 NaN
26.125 74.625 NaN
26.125 74.875 NaN
26.125 75.125 NaN
26.125 75.375 NaN
26.125 75.625 NaN
26.125 75.875 NaN
26.125 76.125 NaN
26.125 76.375 NaN
26.125 76.625 NaN
26.125 76.875 NaN
26.125 77.125 NaN
26.125 77.375 NaN
26.125 77.625 NaN
26.125 77.875 NaN
26.125 78.125 NaN
26.125 78.375 NaN
26.125 78.625 NaN
26.125 78.875 NaN
26.125 79.125 NaN
26.125 79.375 NaN
26.125 79.625 NaN
26.125 79.875 NaN
26.125 80.125 NaN
26.125 80.375 NaN
26.125 80.625 NaN
26.125 80.875 NaN
26.125 81.125 NaN
26.125 81.375 NaN
26.125 81.625 NaN
26.125 81.875 NaN
26.125 82.125 NaN
26.125 82.375 NaN
26.125 82.625 NaN
26.125 82.875 NaN
26.125 83.125 NaN
26.125 83.375 NaN
26.125 83.625 NaN
26.125 83.875 NaN
26.125 84.125 NaN
26.125 84.375 NaN
26.125 84.625 NaN
26.125 84.875 NaN
26.125 85.125 NaN
26.125 85.375 NaN
26.125 85.625 NaN
26.125 85.875 NaN
26.125 86.125 NaN
26.125 86.375 NaN
26.125 86.625 NaN
26.125 86.875 NaN
26.125 87.125 NaN
26.125 87.375 NaN
26.125 87.625 NaN
26.125 87.875 NaN
26.125 88.125 NaN
26.125 89.375 NaN
26.125 89.875 NaN
26.125 90.125 NaN
26.125 90.375 NaN
26.125 90.625 NaN
26.125 90.875 NaN
26.125 91.125 NaN
26.125 91.375 NaN
26.125 91.625 NaN
26.125 91.875 NaN
26.125 92.125 NaN
26.125 92.375 NaN
26.125 92.625 NaN
26.125 92.875 NaN
26.125 93.125 NaN
26.125 93.375 NaN
26.125 93.625 NaN
26.125 93.875 NaN
26.125 94.125 NaN
26.125 94.375 NaN
26.125 94.625 NaN
26.125 94.875 NaN
26.375 70.375 NaN
26.375 70.625 NaN
26.375 70.875 NaN
26.375 71.125 NaN
26.375 71.375 NaN
26.375 71.625 NaN
26.375 71.875 NaN
26.375 72.125 NaN
26.375 72.375 NaN
26.375 72.625 NaN
26.375 72.875 NaN
26.375 73.125 NaN
26.375 73.375 NaN
26.375 73.625 NaN
26.375 73.875 NaN
26.375 74.125 NaN
26.375 74.375 NaN
26.375 74.625 NaN
26.375 74.875 NaN
26.375 75.125 NaN
26.375 75.375 NaN
26.375 75.625 NaN
26.375 75.875 NaN
26.375 76.125 NaN
26.375 76.375 NaN
26.375 76.625 NaN
26.375 76.875 NaN
26.375 77.125 NaN
26.375 77.375 NaN
26.375 77.625 NaN
26.375 77.875 NaN
26.375 78.125 NaN
26.375 78.375 NaN
26.375 78.625 NaN
26.375 78.875 NaN
26.375 79.125 NaN
26.375 79.375 NaN
26.375 79.625 NaN
26.375 79.875 NaN
26.375 80.125 NaN
26.375 80.375 NaN
26.375 80.625 NaN
26.375 80.875 NaN
26.375 81.125 NaN
26.375 81.375 NaN
26.375 81.625 NaN
26.375 81.875 NaN
26.375 82.125 NaN
26.375 82.375 NaN
26.375 82.625 NaN
26.375 82.875 NaN
26.375 83.125 NaN
26.375 83.375 NaN
26.375 83.625 NaN
26.375 83.875 NaN
26.375 84.125 NaN
26.375 84.375 NaN
26.375 84.625 NaN
26.375 84.875 NaN
26.375 85.125 NaN
26.375 85.375 NaN
26.375 85.625 NaN
26.375 85.875 NaN
26.375 86.125 NaN
26.375 86.375 NaN
26.375 86.625 NaN
26.375 86.875 NaN
26.375 87.125 NaN
26.375 87.625 NaN
26.375 87.875 NaN
26.375 88.125 NaN
26.375 88.375 NaN
26.375 88.875 NaN
26.375 89.375 NaN
26.375 89.625 NaN
26.375 89.875 NaN
26.375 90.125 NaN
26.375 90.375 NaN
26.375 90.625 NaN
26.375 90.875 NaN
26.375 91.125 NaN
26.375 91.375 NaN
26.375 91.625 NaN
26.375 91.875 NaN
26.375 92.125 NaN
26.375 92.375 NaN
26.375 92.625 NaN
26.375 92.875 NaN
26.375 93.125 NaN
26.375 93.375 NaN
26.375 93.625 NaN
26.375 93.875 NaN
26.375 94.125 NaN
26.375 94.375 NaN
26.375 94.625 NaN
26.375 94.875 NaN
26.625 69.875 NaN
26.625 70.125 NaN
26.625 70.375 NaN
26.625 70.625 NaN
26.625 70.875 NaN
26.625 71.125 NaN
26.625 71.375 NaN
26.625 71.625 NaN
26.625 71.875 NaN
26.625 72.125 NaN
26.625 72.375 NaN
26.625 72.625 NaN
26.625 72.875 NaN
26.625 73.125 NaN
26.625 73.375 NaN
26.625 73.625 NaN
26.625 73.875 NaN
26.625 74.125 NaN
26.625 74.375 NaN
26.625 74.625 NaN
26.625 74.875 NaN
26.625 75.125 NaN
26.625 75.375 NaN
26.625 75.625 NaN
26.625 75.875 NaN
26.625 76.125 NaN
26.625 76.375 NaN
26.625 76.625 NaN
26.625 76.875 NaN
26.625 77.125 NaN
26.625 77.375 NaN
26.625 77.625 NaN
26.625 77.875 NaN
26.625 78.125 NaN
26.625 78.375 NaN
26.625 78.625 NaN
26.625 78.875 NaN
26.625 79.125 NaN
26.625 79.375 NaN
26.625 79.625 NaN
26.625 79.875 NaN
26.625 80.125 NaN
26.625 80.375 NaN
26.625 80.625 NaN
26.625 80.875 NaN
26.625 81.125 NaN
26.625 81.375 NaN
26.625 81.625 NaN
26.625 81.875 NaN
26.625 82.125 NaN
26.625 82.375 NaN
26.625 82.625 NaN
26.625 82.875 NaN
26.625 83.125 NaN
26.625 83.375 NaN
26.625 83.625 NaN
26.625 83.875 NaN
26.625 84.125 NaN
26.625 84.375 NaN
26.625 84.625 NaN
26.625 84.875 NaN
26.625 85.125 NaN
26.625 85.375 NaN
26.625 85.625 NaN
26.625 86.125 NaN
26.625 88.375 NaN
26.625 88.625 NaN
26.625 88.875 NaN
26.625 89.125 NaN
26.625 89.375 NaN
26.625 89.625 NaN
26.625 89.875 NaN
26.625 90.125 NaN
26.625 90.375 NaN
26.625 90.625 NaN
26.625 90.875 NaN
26.625 91.125 NaN
26.625 91.375 NaN
26.625 91.625 NaN
26.625 91.875 NaN
26.625 92.125 NaN
26.625 92.375 NaN
26.625 92.625 NaN
26.625 92.875 NaN
26.625 93.125 NaN
26.625 93.375 NaN
26.625 93.625 NaN
26.625 93.875 NaN
26.625 94.125 NaN
26.625 94.375 NaN
26.625 94.625 NaN
26.625 94.875 NaN
26.625 95.125 NaN
26.875 69.625 NaN
26.875 69.875 NaN
26.875 70.125 NaN
26.875 70.375 NaN
26.875 70.625 NaN
26.875 70.875 NaN
26.875 71.125 NaN
26.875 71.375 NaN
26.875 71.625 NaN
26.875 71.875 NaN
26.875 72.125 NaN
26.875 72.375 NaN
26.875 72.625 NaN
26.875 72.875 NaN
26.875 73.125 NaN
26.875 73.375 NaN
26.875 73.625 NaN
26.875 73.875 NaN
26.875 74.125 NaN
26.875 74.375 NaN
26.875 74.625 NaN
26.875 74.875 NaN
26.875 75.125 NaN
26.875 75.375 NaN
26.875 75.625 NaN
26.875 75.875 NaN
26.875 76.125 NaN
26.875 76.375 NaN
26.875 76.625 NaN
26.875 76.875 NaN
26.875 77.125 NaN
26.875 77.375 NaN
26.875 77.625 NaN
26.875 77.875 NaN
26.875 78.125 NaN
26.875 78.375 NaN
26.875 78.625 NaN
26.875 78.875 NaN
26.875 79.125 NaN
26.875 79.375 NaN
26.875 79.625 NaN
26.875 79.875 NaN
26.875 80.125 NaN
26.875 80.375 NaN
26.875 80.625 NaN
26.875 80.875 NaN
26.875 81.125 NaN
26.875 81.375 NaN
26.875 81.625 NaN
26.875 81.875 NaN
26.875 82.125 NaN
26.875 82.375 NaN
26.875 82.625 NaN
26.875 82.875 NaN
26.875 83.125 NaN
26.875 83.375 NaN
26.875 83.625 NaN
26.875 83.875 NaN
26.875 84.125 NaN
26.875 84.375 NaN
26.875 84.625 NaN
26.875 84.875 NaN
26.875 88.375 NaN
26.875 88.625 NaN
26.875 88.875 NaN
26.875 92.375 NaN
26.875 92.625 NaN
26.875 92.875 NaN
26.875 93.125 NaN
26.875 93.375 NaN
26.875 93.625 NaN
26.875 93.875 NaN
26.875 94.125 NaN
26.875 94.375 NaN
26.875 94.625 NaN
26.875 94.875 NaN
26.875 95.125 NaN
26.875 95.375 NaN
26.875 95.625 NaN
27.125 69.875 NaN
27.125 70.125 NaN
27.125 70.375 NaN
27.125 70.625 NaN
27.125 70.875 NaN
27.125 71.125 NaN
27.125 71.375 NaN
27.125 71.625 NaN
27.125 71.875 NaN
27.125 72.125 NaN
27.125 72.375 NaN
27.125 72.625 NaN
27.125 72.875 NaN
27.125 73.125 NaN
27.125 73.375 NaN
27.125 73.625 NaN
27.125 73.875 NaN
27.125 74.125 NaN
27.125 74.375 NaN
27.125 74.625 NaN
27.125 74.875 NaN
27.125 75.125 NaN
27.125 75.375 NaN
27.125 75.625 NaN
27.125 75.875 NaN
27.125 76.125 NaN
27.125 76.375 NaN
27.125 76.625 NaN
27.125 76.875 NaN
27.125 77.125 NaN
27.125 77.375 NaN
27.125 77.625 NaN
27.125 77.875 NaN
27.125 78.125 NaN
27.125 78.375 NaN
27.125 78.625 NaN
27.125 78.875 NaN
27.125 79.125 NaN
27.125 79.375 NaN
27.125 79.625 NaN
27.125 79.875 NaN
27.125 80.125 NaN
27.125 80.375 NaN
27.125 80.625 NaN
27.125 80.875 NaN
27.125 81.125 NaN
27.125 81.375 NaN
27.125 81.625 NaN
27.125 81.875 NaN
27.125 82.125 NaN
27.125 82.375 NaN
27.125 82.625 NaN
27.125 82.875 NaN
27.125 83.125 NaN
27.125 83.375 NaN
27.125 83.625 NaN
27.125 83.875 NaN
27.125 84.125 NaN
27.125 84.375 NaN
27.125 84.625 NaN
27.125 88.125 NaN
27.125 88.375 NaN
27.125 88.625 NaN
27.125 92.125 NaN
27.125 92.375 NaN
27.125 92.625 NaN
27.125 92.875 NaN
27.125 93.125 NaN
27.125 93.375 NaN
27.125 93.625 NaN
27.125 93.875 NaN
27.125 94.125 NaN
27.125 94.375 NaN
27.125 94.625 NaN
27.125 94.875 NaN
27.125 95.125 NaN
27.125 95.375 NaN
27.125 95.625 NaN
27.125 95.875 NaN
27.375 70.125 NaN
27.375 70.375 NaN
27.375 70.625 NaN
27.375 70.875 NaN
27.375 71.125 NaN
27.375 71.375 NaN
27.375 71.625 NaN
27.375 71.875 NaN
27.375 72.125 NaN
27.375 72.375 NaN
27.375 72.625 NaN
27.375 72.875 NaN
27.375 73.125 NaN
27.375 73.375 NaN
27.375 73.625 NaN
27.375 73.875 NaN
27.375 74.125 NaN
27.375 74.375 NaN
27.375 74.625 NaN
27.375 74.875 NaN
27.375 75.125 NaN
27.375 75.375 NaN
27.375 75.625 NaN
27.375 75.875 NaN
27.375 76.125 NaN
27.375 76.375 NaN
27.375 76.625 NaN
27.375 76.875 NaN
27.375 77.125 NaN
27.375 77.375 NaN
27.375 77.625 NaN
27.375 77.875 NaN
27.375 78.125 NaN
27.375 78.375 NaN
27.375 78.625 NaN
27.375 78.875 NaN
27.375 79.125 NaN
27.375 79.375 NaN
27.375 79.625 NaN
27.375 79.875 NaN
27.375 80.125 NaN
27.375 80.375 NaN
27.375 80.625 NaN
27.375 80.875 NaN
27.375 81.125 NaN
27.375 81.375 NaN
27.375 81.625 NaN
27.375 81.875 NaN
27.375 82.125 NaN
27.375 82.375 NaN
27.375 82.625 NaN
27.375 82.875 NaN
27.375 83.125 NaN
27.375 83.625 NaN
27.375 84.125 NaN
27.375 84.375 NaN
27.375 88.125 NaN
27.375 88.375 NaN
27.375 88.625 NaN
27.375 92.125 NaN
27.375 92.375 NaN
27.375 92.625 NaN
27.375 92.875 NaN
27.375 93.125 NaN
27.375 93.375 NaN
27.375 93.625 NaN
27.375 93.875 NaN
27.375 94.125 NaN
27.375 94.375 NaN
27.375 94.625 NaN
27.375 94.875 NaN
27.375 95.125 NaN
27.375 95.375 NaN
27.375 95.625 NaN
27.375 95.875 NaN
27.375 96.125 NaN
27.375 96.375 NaN
27.375 96.625 NaN
27.375 96.875 NaN
27.625 70.125 NaN
27.625 70.375 NaN
27.625 70.625 NaN
27.625 70.875 NaN
27.625 71.125 NaN
27.625 71.375 NaN
27.625 71.625 NaN
27.625 71.875 NaN
27.625 72.125 NaN
27.625 72.375 NaN
27.625 72.625 NaN
27.625 72.875 NaN
27.625 73.125 NaN
27.625 73.375 NaN
27.625 73.625 NaN
27.625 73.875 NaN
27.625 74.125 NaN
27.625 74.375 NaN
27.625 74.625 NaN
27.625 74.875 NaN
27.625 75.125 NaN
27.625 75.375 NaN
27.625 75.625 NaN
27.625 75.875 NaN
27.625 76.125 NaN
27.625 76.375 NaN
27.625 76.625 NaN
27.625 76.875 NaN
27.625 77.125 NaN
27.625 77.375 NaN
27.625 77.625 NaN
27.625 77.875 NaN
27.625 78.125 NaN
27.625 78.375 NaN
27.625 78.625 NaN
27.625 78.875 NaN
27.625 79.125 NaN
27.625 79.375 NaN
27.625 79.625 NaN
27.625 79.875 NaN
27.625 80.125 NaN
27.625 80.375 NaN
27.625 80.625 NaN
27.625 80.875 NaN
27.625 81.125 NaN
27.625 81.375 NaN
27.625 81.625 NaN
27.625 81.875 NaN
27.625 82.125 NaN
27.625 82.375 NaN
27.625 82.625 NaN
27.625 88.375 NaN
27.625 88.625 NaN
27.625 91.625 NaN
27.625 91.875 NaN
27.625 92.125 NaN
27.625 92.375 NaN
27.625 92.625 NaN
27.625 92.875 NaN
27.625 93.125 NaN
27.625 93.375 NaN
27.625 93.625 NaN
27.625 93.875 NaN
27.625 94.125 NaN
27.625 94.375 NaN
27.625 94.625 NaN
27.625 94.875 NaN
27.625 95.125 NaN
27.625 95.375 NaN
27.625 95.625 NaN
27.625 95.875 NaN
27.625 96.125 NaN
27.625 96.375 NaN
27.625 96.625 NaN
27.625 96.875 NaN
27.875 70.375 NaN
27.875 71.875 NaN
27.875 72.125 NaN
27.875 72.375 NaN
27.875 72.625 NaN
27.875 72.875 NaN
27.875 73.125 NaN
27.875 73.375 NaN
27.875 73.625 NaN
27.875 73.875 NaN
27.875 74.125 NaN
27.875 74.375 NaN
27.875 74.625 NaN
27.875 74.875 NaN
27.875 75.125 NaN
27.875 75.375 NaN
27.875 75.625 NaN
27.875 75.875 NaN
27.875 76.125 NaN
27.875 76.375 NaN
27.875 76.625 NaN
27.875 76.875 NaN
27.875 77.125 NaN
27.875 77.375 NaN
27.875 77.625 NaN
27.875 77.875 NaN
27.875 78.125 NaN
27.875 78.375 NaN
27.875 78.625 NaN
27.875 78.875 NaN
27.875 79.125 NaN
27.875 79.375 NaN
27.875 79.625 NaN
27.875 79.875 NaN
27.875 80.125 NaN
27.875 80.375 NaN
27.875 80.625 NaN
27.875 80.875 NaN
27.875 81.125 NaN
27.875 81.375 NaN
27.875 81.625 NaN
27.875 88.375 NaN
27.875 88.625 NaN
27.875 92.875 NaN
27.875 93.125 NaN
27.875 93.375 NaN
27.875 93.625 NaN
27.875 93.875 NaN
27.875 94.125 NaN
27.875 94.375 NaN
27.875 94.625 NaN
27.875 94.875 NaN
27.875 95.125 NaN
27.875 95.375 NaN
27.875 95.625 NaN
27.875 95.875 NaN
27.875 96.125 NaN
27.875 96.375 NaN
27.875 96.625 NaN
27.875 96.875 NaN
27.875 97.125 NaN
28.125 72.125 NaN
28.125 72.375 NaN
28.125 72.625 NaN
28.125 72.875 NaN
28.125 73.125 NaN
28.125 73.375 NaN
28.125 73.625 NaN
28.125 73.875 NaN
28.125 74.125 NaN
28.125 74.375 NaN
28.125 74.625 NaN
28.125 74.875 NaN
28.125 75.125 NaN
28.125 75.375 NaN
28.125 75.625 NaN
28.125 75.875 NaN
28.125 76.125 NaN
28.125 76.375 NaN
28.125 76.625 NaN
28.125 76.875 NaN
28.125 77.125 NaN
28.125 77.375 NaN
28.125 77.625 NaN
28.125 77.875 NaN
28.125 78.125 NaN
28.125 78.375 NaN
28.125 78.625 NaN
28.125 78.875 NaN
28.125 79.125 NaN
28.125 79.375 NaN
28.125 79.625 NaN
28.125 79.875 NaN
28.125 80.125 NaN
28.125 80.375 NaN
28.125 80.625 NaN
28.125 80.875 NaN
28.125 81.125 NaN
28.125 81.375 NaN
28.125 92.875 NaN
28.125 93.125 NaN
28.125 93.375 NaN
28.125 93.625 NaN
28.125 93.875 NaN
28.125 94.125 NaN
28.125 94.375 NaN
28.125 94.625 NaN
28.125 94.875 NaN
28.125 95.125 NaN
28.125 95.375 NaN
28.125 95.625 NaN
28.125 95.875 NaN
28.125 96.125 NaN
28.125 96.375 NaN
28.125 96.625 NaN
28.125 96.875 NaN
28.125 97.125 NaN
28.375 72.375 NaN
28.375 72.625 NaN
28.375 72.875 NaN
28.375 73.125 NaN
28.375 73.375 NaN
28.375 73.625 NaN
28.375 73.875 NaN
28.375 74.125 NaN
28.375 74.375 NaN
28.375 74.625 NaN
28.375 74.875 NaN
28.375 75.125 NaN
28.375 75.375 NaN
28.375 75.625 NaN
28.375 75.875 NaN
28.375 76.125 NaN
28.375 76.375 NaN
28.375 76.625 NaN
28.375 76.875 NaN
28.375 77.125 NaN
28.375 77.375 NaN
28.375 77.625 NaN
28.375 77.875 NaN
28.375 78.125 NaN
28.375 78.375 NaN
28.375 78.625 NaN
28.375 78.875 NaN
28.375 79.125 NaN
28.375 79.375 NaN
28.375 79.625 NaN
28.375 79.875 NaN
28.375 80.125 NaN
28.375 80.375 NaN
28.375 80.625 NaN
28.375 80.875 NaN
28.375 81.125 NaN
28.375 93.375 NaN
28.375 93.625 NaN
28.375 93.875 NaN
28.375 94.125 NaN
28.375 94.375 NaN
28.375 94.625 NaN
28.375 94.875 NaN
28.375 95.125 NaN
28.375 95.375 NaN
28.375 95.625 NaN
28.375 95.875 NaN
28.375 96.125 NaN
28.375 96.625 NaN
28.625 72.375 NaN
28.625 72.625 NaN
28.625 72.875 NaN
28.625 73.125 NaN
28.625 73.375 NaN
28.625 73.625 NaN
28.625 73.875 NaN
28.625 74.125 NaN
28.625 74.375 NaN
28.625 74.625 NaN
28.625 74.875 NaN
28.625 75.125 NaN
28.625 75.375 NaN
28.625 75.625 NaN
28.625 75.875 NaN
28.625 76.125 NaN
28.625 76.375 NaN
28.625 76.625 NaN
28.625 76.875 NaN
28.625 77.125 NaN
28.625 77.375 NaN
28.625 77.625 NaN
28.625 77.875 NaN
28.625 78.125 NaN
28.625 78.375 NaN
28.625 78.625 NaN
28.625 78.875 NaN
28.625 79.125 NaN
28.625 79.375 NaN
28.625 79.625 NaN
28.625 79.875 NaN
28.625 80.125 NaN
28.625 80.375 NaN
28.625 80.625 NaN
28.625 93.625 NaN
28.625 93.875 NaN
28.625 94.125 NaN
28.625 94.375 NaN
28.625 94.625 NaN
28.625 94.875 NaN
28.625 95.125 NaN
28.625 95.375 NaN
28.625 95.625 NaN
28.625 95.875 NaN
28.625 96.125 NaN
28.625 96.375 NaN
28.875 72.875 NaN
28.875 73.125 NaN
28.875 73.375 NaN
28.875 73.625 NaN
28.875 73.875 NaN
28.875 74.125 NaN
28.875 74.375 NaN
28.875 74.625 NaN
28.875 74.875 NaN
28.875 75.125 NaN
28.875 75.375 NaN
28.875 75.625 NaN
28.875 75.875 NaN
28.875 76.125 NaN
28.875 76.375 NaN
28.875 76.625 NaN
28.875 76.875 NaN
28.875 77.125 NaN
28.875 77.375 NaN
28.875 77.625 NaN
28.875 77.875 NaN
28.875 78.125 NaN
28.875 78.375 NaN
28.875 78.625 NaN
28.875 78.875 NaN
28.875 79.125 NaN
28.875 79.375 NaN
28.875 79.625 NaN
28.875 79.875 NaN
28.875 94.125 NaN
28.875 94.375 NaN
28.875 94.625 NaN
28.875 94.875 NaN
28.875 95.125 NaN
28.875 95.375 NaN
28.875 95.625 NaN
28.875 95.875 NaN
28.875 96.125 NaN
28.875 96.375 NaN
29.125 73.125 NaN
29.125 73.375 NaN
29.125 73.625 NaN
29.125 73.875 NaN
29.125 74.125 NaN
29.125 74.375 NaN
29.125 74.625 NaN
29.125 74.875 NaN
29.125 75.125 NaN
29.125 75.375 NaN
29.125 75.625 NaN
29.125 75.875 NaN
29.125 76.125 NaN
29.125 76.375 NaN
29.125 76.625 NaN
29.125 76.875 NaN
29.125 77.125 NaN
29.125 77.375 NaN
29.125 77.625 NaN
29.125 77.875 NaN
29.125 78.125 NaN
29.125 78.375 NaN
29.125 78.625 NaN
29.125 78.875 NaN
29.125 79.125 NaN
29.125 79.375 NaN
29.125 79.625 NaN
29.125 79.875 NaN
29.125 80.125 NaN
29.125 94.375 NaN
29.125 94.625 NaN
29.125 94.875 NaN
29.125 95.625 NaN
29.125 95.875 NaN
29.125 96.125 NaN
29.375 73.375 NaN
29.375 73.625 NaN
29.375 73.875 NaN
29.375 74.125 NaN
29.375 74.375 NaN
29.375 74.625 NaN
29.375 74.875 NaN
29.375 75.125 NaN
29.375 75.375 NaN
29.375 75.625 NaN
29.375 75.875 NaN
29.375 76.125 NaN
29.375 76.375 NaN
29.375 76.625 NaN
29.375 76.875 NaN
29.375 77.125 NaN
29.375 77.375 NaN
29.375 77.625 NaN
29.375 77.875 NaN
29.375 78.125 NaN
29.375 78.375 NaN
29.375 78.625 NaN
29.375 78.875 NaN
29.375 79.125 NaN
29.375 79.375 NaN
29.375 79.625 NaN
29.375 79.875 NaN
29.375 80.125 NaN
29.375 96.125 NaN
29.625 73.375 NaN
29.625 73.625 NaN
29.625 73.875 NaN
29.625 74.125 NaN
29.625 74.375 NaN
29.625 74.625 NaN
29.625 74.875 NaN
29.625 75.125 NaN
29.625 75.375 NaN
29.625 75.625 NaN
29.625 75.875 NaN
29.625 76.125 NaN
29.625 76.375 NaN
29.625 76.625 NaN
29.625 76.875 NaN
29.625 77.125 NaN
29.625 77.375 NaN
29.625 77.625 NaN
29.625 77.875 NaN
29.625 78.125 NaN
29.625 78.375 NaN
29.625 78.625 NaN
29.625 78.875 NaN
29.625 79.125 NaN
29.625 79.375 NaN
29.625 79.625 NaN
29.625 79.875 NaN
29.625 80.125 NaN
29.875 73.625 NaN
29.875 73.875 NaN
29.875 74.125 NaN
29.875 74.375 NaN
29.875 74.625 NaN
29.875 74.875 NaN
29.875 75.125 NaN
29.875 75.375 NaN
29.875 75.625 NaN
29.875 75.875 NaN
29.875 76.125 NaN
29.875 76.375 NaN
29.875 76.625 NaN
29.875 76.875 NaN
29.875 77.125 NaN
29.875 77.375 NaN
29.875 77.625 NaN
29.875 77.875 NaN
29.875 78.125 NaN
29.875 78.375 NaN
29.875 78.625 NaN
29.875 78.875 NaN
29.875 79.125 NaN
29.875 79.375 NaN
29.875 79.625 NaN
29.875 79.875 NaN
29.875 80.125 NaN
29.875 80.375 NaN
30.125 74.125 NaN
30.125 74.375 NaN
30.125 74.625 NaN
30.125 74.875 NaN
30.125 75.125 NaN
30.125 75.375 NaN
30.125 75.625 NaN
30.125 75.875 NaN
30.125 76.125 NaN
30.125 76.375 NaN
30.125 76.625 NaN
30.125 76.875 NaN
30.125 77.125 NaN
30.125 77.375 NaN
30.125 77.625 NaN
30.125 77.875 NaN
30.125 78.125 NaN
30.125 78.375 NaN
30.125 78.625 NaN
30.125 78.875 NaN
30.125 79.125 NaN
30.125 79.375 NaN
30.125 79.625 NaN
30.125 79.875 NaN
30.125 80.125 NaN
30.125 80.375 NaN
30.125 80.625 NaN
30.375 74.125 NaN
30.375 74.375 NaN
30.375 74.625 NaN
30.375 74.875 NaN
30.375 75.125 NaN
30.375 75.375 NaN
30.375 75.625 NaN
30.375 75.875 NaN
30.375 76.125 NaN
30.375 76.375 NaN
30.375 76.625 NaN
30.375 76.875 NaN
30.375 77.125 NaN
30.375 77.375 NaN
30.375 77.625 NaN
30.375 77.875 NaN
30.375 78.125 NaN
30.375 78.375 NaN
30.375 78.625 NaN
30.375 78.875 NaN
30.375 79.125 NaN
30.375 79.375 NaN
30.375 79.625 NaN
30.375 79.875 NaN
30.375 80.125 NaN
30.375 80.375 NaN
30.375 80.625 NaN
30.625 74.375 NaN
30.625 74.625 NaN
30.625 74.875 NaN
30.625 75.125 NaN
30.625 75.375 NaN
30.625 75.625 NaN
30.625 75.875 NaN
30.625 76.125 NaN
30.625 76.375 NaN
30.625 76.625 NaN
30.625 76.875 NaN
30.625 77.125 NaN
30.625 77.375 NaN
30.625 77.625 NaN
30.625 77.875 NaN
30.625 78.125 NaN
30.625 78.375 NaN
30.625 78.625 NaN
30.625 78.875 NaN
30.625 79.125 NaN
30.625 79.375 NaN
30.625 79.625 NaN
30.625 79.875 NaN
30.625 80.125 NaN
30.875 74.625 NaN
30.875 74.875 NaN
30.875 75.125 NaN
30.875 75.375 NaN
30.875 75.625 NaN
30.875 75.875 NaN
30.875 76.125 NaN
30.875 76.375 NaN
30.875 76.625 NaN
30.875 76.875 NaN
30.875 77.125 NaN
30.875 77.375 NaN
30.875 77.625 NaN
30.875 77.875 NaN
30.875 78.125 NaN
30.875 78.375 NaN
30.875 78.625 NaN
30.875 78.875 NaN
30.875 79.125 NaN
30.875 79.375 NaN
30.875 79.625 NaN
30.875 79.875 NaN
31.125 74.875 NaN
31.125 75.125 NaN
31.125 75.375 NaN
31.125 75.625 NaN
31.125 75.875 NaN
31.125 76.125 NaN
31.125 76.375 NaN
31.125 76.625 NaN
31.125 76.875 NaN
31.125 77.125 NaN
31.125 77.375 NaN
31.125 77.625 NaN
31.125 77.875 NaN
31.125 78.125 NaN
31.125 78.375 NaN
31.125 78.625 NaN
31.125 78.875 NaN
31.125 79.125 NaN
31.375 74.875 NaN
31.375 75.125 NaN
31.375 75.375 NaN
31.375 75.625 NaN
31.375 75.875 NaN
31.375 76.125 NaN
31.375 76.375 NaN
31.375 76.625 NaN
31.375 76.875 NaN
31.375 77.125 NaN
31.375 77.375 NaN
31.375 77.625 NaN
31.375 77.875 NaN
31.375 78.125 NaN
31.375 78.375 NaN
31.375 78.625 NaN
31.625 74.875 NaN
31.625 75.125 NaN
31.625 75.375 NaN
31.625 75.625 NaN
31.625 75.875 NaN
31.625 76.125 NaN
31.625 76.375 NaN
31.625 76.625 NaN
31.625 76.875 NaN
31.625 77.125 NaN
31.625 77.375 NaN
31.625 77.625 NaN
31.625 77.875 NaN
31.625 78.125 NaN
31.625 78.375 NaN
31.625 78.625 NaN
31.875 74.875 NaN
31.875 75.125 NaN
31.875 75.375 NaN
31.875 75.625 NaN
31.875 75.875 NaN
31.875 76.125 NaN
31.875 76.375 NaN
31.875 76.625 NaN
31.875 76.875 NaN
31.875 77.125 NaN
31.875 77.375 NaN
31.875 77.625 NaN
31.875 77.875 NaN
31.875 78.125 NaN
31.875 78.375 NaN
31.875 78.625 NaN
32.125 75.375 NaN
32.125 75.625 NaN
32.125 75.875 NaN
32.125 76.125 NaN
32.125 76.375 NaN
32.125 76.625 NaN
32.125 76.875 NaN
32.125 77.125 NaN
32.125 77.375 NaN
32.125 77.625 NaN
32.125 77.875 NaN
32.125 78.125 NaN
32.125 78.375 NaN
32.375 75.375 NaN
32.375 75.625 NaN
32.375 75.875 NaN
32.375 76.125 NaN
32.375 76.375 NaN
32.375 76.625 NaN
32.375 76.875 NaN
32.375 77.125 NaN
32.375 77.375 NaN
32.375 77.625 NaN
32.375 77.875 NaN
32.375 78.125 NaN
32.375 78.375 NaN
32.625 74.875 NaN
32.625 75.125 NaN
32.625 75.375 NaN
32.625 75.625 NaN
32.625 75.875 NaN
32.625 76.125 NaN
32.625 76.375 NaN
32.625 76.625 NaN
32.625 76.875 NaN
32.625 77.125 NaN
32.625 77.375 NaN
32.625 77.625 NaN
32.625 77.875 NaN
32.625 78.125 NaN
32.625 78.375 NaN
32.625 78.625 NaN
32.625 78.875 NaN
32.625 79.125 NaN
32.625 79.375 NaN
32.875 74.375 NaN
32.875 74.625 NaN
32.875 74.875 NaN
32.875 75.125 NaN
32.875 75.375 NaN
32.875 75.625 NaN
32.875 75.875 NaN
32.875 76.125 NaN
32.875 76.375 NaN
32.875 76.625 NaN
32.875 76.875 NaN
32.875 77.125 NaN
32.875 77.375 NaN
32.875 77.625 NaN
32.875 77.875 NaN
32.875 78.125 NaN
32.875 78.375 NaN
32.875 78.625 NaN
32.875 78.875 NaN
32.875 79.125 NaN
32.875 79.375 NaN
33.125 73.875 NaN
33.125 74.125 NaN
33.125 74.375 NaN
33.125 74.625 NaN
33.125 74.875 NaN
33.125 75.125 NaN
33.125 75.375 NaN
33.125 75.625 NaN
33.125 75.875 NaN
33.125 76.125 NaN
33.125 76.375 NaN
33.125 76.625 NaN
33.125 76.875 NaN
33.125 77.125 NaN
33.125 77.375 NaN
33.125 77.625 NaN
33.125 77.875 NaN
33.125 78.125 NaN
33.125 78.375 NaN
33.125 78.625 NaN
33.125 78.875 NaN
33.125 79.125 NaN
33.375 73.875 NaN
33.375 74.125 NaN
33.375 74.375 NaN
33.375 74.625 NaN
33.375 74.875 NaN
33.375 75.125 NaN
33.375 75.375 NaN
33.375 75.625 NaN
33.375 75.875 NaN
33.375 76.125 NaN
33.375 76.375 NaN
33.375 76.625 NaN
33.375 76.875 NaN
33.375 77.125 NaN
33.375 77.375 NaN
33.375 77.625 NaN
33.375 77.875 NaN
33.375 78.125 NaN
33.375 78.375 NaN
33.375 78.625 NaN
33.375 78.875 NaN
33.625 73.875 NaN
33.625 74.125 NaN
33.625 74.375 NaN
33.625 74.625 NaN
33.625 74.875 NaN
33.625 75.125 NaN
33.625 75.375 NaN
33.625 75.625 NaN
33.625 75.875 NaN
33.625 76.125 NaN
33.625 76.375 NaN
33.625 76.625 NaN
33.625 76.875 NaN
33.625 77.125 NaN
33.625 77.375 NaN
33.625 77.625 NaN
33.625 77.875 NaN
33.625 78.125 NaN
33.625 78.375 NaN
33.625 78.625 NaN
33.625 78.875 NaN
33.875 73.875 NaN
33.875 74.125 NaN
33.875 74.375 NaN
33.875 74.625 NaN
33.875 74.875 NaN
33.875 75.125 NaN
33.875 75.375 NaN
33.875 75.625 NaN
33.875 75.875 NaN
33.875 76.125 NaN
33.875 76.375 NaN
33.875 76.625 NaN
33.875 76.875 NaN
33.875 77.125 NaN
33.875 77.375 NaN
33.875 77.625 NaN
33.875 77.875 NaN
33.875 78.125 NaN
33.875 78.375 NaN
33.875 78.625 NaN
33.875 78.875 NaN
34.125 73.625 NaN
34.125 73.875 NaN
34.125 74.125 NaN
34.125 74.375 NaN
34.125 74.625 NaN
34.125 74.875 NaN
34.125 75.125 NaN
34.125 75.375 NaN
34.125 75.625 NaN
34.125 75.875 NaN
34.125 76.125 NaN
34.125 76.375 NaN
34.125 76.625 NaN
34.125 76.875 NaN
34.125 77.125 NaN
34.125 77.375 NaN
34.125 77.625 NaN
34.125 77.875 NaN
34.125 78.125 NaN
34.125 78.375 NaN
34.125 78.625 NaN
34.125 78.875 NaN
34.125 79.125 NaN
34.125 79.375 NaN
34.375 73.625 NaN
34.375 73.875 NaN
34.375 74.125 NaN
34.375 74.375 NaN
34.375 74.625 NaN
34.375 74.875 NaN
34.375 75.125 NaN
34.375 75.375 NaN
34.375 75.625 NaN
34.375 75.875 NaN
34.375 76.125 NaN
34.375 76.375 NaN
34.375 76.625 NaN
34.375 76.875 NaN
34.375 77.125 NaN
34.375 77.375 NaN
34.375 77.625 NaN
34.375 77.875 NaN
34.375 78.125 NaN
34.375 78.375 NaN
34.375 78.625 NaN
34.375 78.875 NaN
34.375 79.125 NaN
34.375 79.375 NaN
34.625 73.875 NaN
34.625 74.125 NaN
34.625 74.375 NaN
34.625 74.625 NaN
34.625 74.875 NaN
34.625 75.125 NaN
34.625 75.375 NaN
34.625 75.625 NaN
34.625 75.875 NaN
34.625 76.125 NaN
34.625 76.375 NaN
34.625 76.625 NaN
34.625 76.875 NaN
34.625 77.125 NaN
34.625 77.375 NaN
34.625 77.625 NaN
34.625 77.875 NaN
34.625 78.125 NaN
34.625 78.375 NaN
34.625 78.625 NaN
34.625 78.875 NaN
34.625 79.125 NaN
34.625 79.375 NaN
34.625 79.625 NaN
34.875 74.125 NaN
34.875 74.375 NaN
34.875 74.625 NaN
34.875 74.875 NaN
34.875 75.125 NaN
34.875 75.375 NaN
34.875 75.625 NaN
34.875 75.875 NaN
34.875 76.125 NaN
34.875 76.375 NaN
34.875 76.625 NaN
34.875 76.875 NaN
34.875 77.125 NaN
34.875 77.375 NaN
34.875 77.625 NaN
34.875 77.875 NaN
34.875 78.125 NaN
34.875 78.375 NaN
34.875 78.625 NaN
34.875 78.875 NaN
34.875 79.125 NaN
34.875 79.375 NaN
34.875 79.625 NaN
34.875 79.875 NaN
35.125 74.375 NaN
35.125 74.625 NaN
35.125 74.875 NaN
35.125 75.125 NaN
35.125 75.375 NaN
35.125 75.625 NaN
35.125 75.875 NaN
35.125 76.125 NaN
35.125 76.375 NaN
35.125 76.625 NaN
35.125 76.875 NaN
35.125 77.125 NaN
35.125 77.375 NaN
35.125 77.625 NaN
35.125 77.875 NaN
35.125 78.125 NaN
35.125 78.375 NaN
35.125 78.625 NaN
35.125 78.875 NaN
35.125 79.125 NaN
35.125 79.375 NaN
35.125 79.625 NaN
35.125 79.875 NaN
35.375 73.875 NaN
35.375 74.125 NaN
35.375 74.375 NaN
35.375 74.625 NaN
35.375 74.875 NaN
35.375 75.125 NaN
35.375 75.375 NaN
35.375 75.625 NaN
35.375 75.875 NaN
35.375 76.125 NaN
35.375 76.375 NaN
35.375 76.625 NaN
35.375 76.875 NaN
35.375 77.125 NaN
35.375 77.375 NaN
35.375 77.625 NaN
35.375 77.875 NaN
35.375 78.125 NaN
35.375 78.375 NaN
35.375 78.625 NaN
35.375 78.875 NaN
35.375 79.125 NaN
35.375 79.375 NaN
35.375 79.625 NaN
35.375 79.875 NaN
35.375 80.125 NaN
35.625 73.375 NaN
35.625 73.625 NaN
35.625 73.875 NaN
35.625 74.125 NaN
35.625 74.375 NaN
35.625 74.625 NaN
35.625 74.875 NaN
35.625 75.125 NaN
35.625 75.375 NaN
35.625 75.625 NaN
35.625 75.875 NaN
35.625 76.125 NaN
35.625 76.375 NaN
35.625 76.625 NaN
35.625 76.875 NaN
35.625 77.125 NaN
35.625 78.375 NaN
35.625 78.625 NaN
35.625 78.875 NaN
35.625 79.125 NaN
35.625 79.375 NaN
35.625 79.625 NaN
35.625 79.875 NaN
35.625 80.125 NaN
35.875 73.125 NaN
35.875 73.375 NaN
35.875 73.625 NaN
35.875 73.875 NaN
35.875 74.125 NaN
35.875 74.375 NaN
35.875 74.625 NaN
35.875 74.875 NaN
35.875 75.125 NaN
35.875 75.375 NaN
35.875 75.625 NaN
35.875 75.875 NaN
35.875 76.125 NaN
35.875 76.375 NaN
35.875 76.625 NaN
35.875 79.375 NaN
36.125 72.625 NaN
36.125 72.875 NaN
36.125 73.125 NaN
36.125 73.375 NaN
36.125 73.625 NaN
36.125 73.875 NaN
36.125 74.125 NaN
36.125 74.375 NaN
36.125 74.625 NaN
36.125 74.875 NaN
36.125 75.125 NaN
36.125 75.375 NaN
36.125 75.625 NaN
36.125 75.875 NaN
36.125 76.125 NaN
36.125 76.375 NaN
36.125 76.625 NaN
36.375 73.125 NaN
36.375 73.375 NaN
36.375 73.625 NaN
36.375 73.875 NaN
36.375 74.125 NaN
36.375 74.375 NaN
36.375 74.625 NaN
36.375 74.875 NaN
36.375 75.125 NaN
36.375 75.375 NaN
36.375 75.625 NaN
36.375 75.875 NaN
36.375 76.125 NaN
36.625 73.375 NaN
36.625 73.625 NaN
36.625 73.875 NaN
36.625 74.125 NaN
36.625 74.375 NaN
36.625 74.625 NaN
36.625 74.875 NaN
36.625 75.125 NaN
36.625 75.375 NaN
36.625 75.625 NaN
36.875 73.875 NaN
36.875 74.375 NaN
36.875 74.625 NaN
36.875 74.875 NaN
36.875 75.125 NaN
36.875 75.375 NaN
