8.125 77.375 1.5363
8.375 77.125 0.49609
8.375 77.375 2.0475
8.375 77.625 1.9112
8.375 77.875 0.80953
8.625 76.875 0.2335
8.625 77.125 2.8143
8.625 77.375 1.7272
8.625 77.625 0.52092
8.625 77.875 0.57503
8.875 76.875 0.42932
8.875 77.125 3.2619
8.875 77.375 1.6311
8.875 77.625 0.44349
8.875 77.875 -0.49767
9.125 76.625 0.83578
9.125 76.875 2.3357
9.125 77.125 2.3208
9.125 77.375 1.7024
9.125 77.625 0.2539
9.125 77.875 -0.22263
9.125 78.125 0.12012
NaN NaN NaN
9.375 76.625 0.10718
9.375 76.875 0.83291
9.375 77.125 2.2741
9.375 77.375 1.2503
9.375 77.625 -0.0049598
9.375 77.875 -0.35074
9.375 78.125 -0.14085
9.375 78.375 -0.26104
9.375 78.625 -0.18649
NaN NaN NaN
9.625 76.375 0.69316
9.625 76.625 0.44427
9.625 76.875 1.8318
9.625 77.125 2.3245
9.625 77.375 1.4624
9.625 77.625 0.083065
9.625 77.875 0.55372
9.625 78.125 -0.57477
9.625 78.375 -0.38681
9.625 78.625 -0.18312
9.875 76.625 0.51335
9.875 76.875 1.3242
9.875 77.125 3.3964
9.875 77.375 1.4427
9.875 77.625 1.2862
9.875 77.875 0.2244
9.875 78.125 -0.89808
9.875 78.375 -0.17847
9.875 78.625 0.049506
9.875 78.875 -0.036964
10.125 76.375 0.52358
10.125 76.625 1.0632
10.125 76.875 2.1112
10.125 77.125 2.81
10.125 77.375 1.2706
10.125 77.625 2.0345
10.125 77.875 0.56643
10.125 78.125 0.058118
10.125 78.375 -0.23382
10.125 78.625 -0.52978
10.125 78.875 -0.15973
10.125 79.125 0.17133
10.375 76.375 1.9719
10.375 76.625 1.1826
10.375 76.875 3.4189
10.375 77.125 3.3475
10.375 77.375 1.639
10.375 77.625 0.75731
10.375 77.875 -0.37896
10.375 78.125 -0.057486
10.375 78.375 -0.35614
10.375 78.625 -0.60353
10.375 78.875 -0.57652
10.375 79.125 -0.0018835
NaN NaN NaN
NaN NaN NaN
10.625 76.125 2.0753
10.625 76.375 2.5467
10.625 76.625 2.4882
10.625 76.875 3.8911
10.625 77.125 0.96747
10.625 77.375 0.77469
10.625 77.625 0.21723
10.625 77.875 0.039591
10.625 78.125 -0.63334
10.625 78.375 -0.37563
10.625 78.625 -0.30219
10.625 78.875 -0.41299
10.625 79.125 0.31699
10.625 79.375 0.028938
10.625 79.625 0.28414
10.875 76.125 1.5155
10.875 76.375 3.0325
10.875 76.625 4.7498
10.875 76.875 2.9061
10.875 77.125 1.5965
10.875 77.375 0.28502
10.875 77.625 -0.43917
10.875 77.875 -0.74173
10.875 78.125 -0.88348
10.875 78.375 -0.1883
10.875 78.625 0.27922
10.875 78.875 -0.033574
10.875 79.125 -0.32991
10.875 79.375 -0.16316
10.875 79.625 0.30489
11.125 76.125 2.6079
11.125 76.375 3.4176
11.125 76.625 2.827
11.125 76.875 -0.16288
11.125 77.125 0.72869
11.125 77.375 -0.24063
11.125 77.625 -0.24813
11.125 77.875 -0.62588
11.125 78.125 -0.93968
11.125 78.375 0.35233
11.125 78.625 -0.031278
11.125 78.875 -0.30164
11.125 79.125 0.079535
11.125 79.375 0.11189
11.125 79.625 0.0045313
11.375 75.875 1.9406
11.375 76.125 1.9784
11.375 76.375 3.3577
11.375 76.625 2.5995
11.375 76.875 2.3333
11.375 77.125 0.70565
11.375 77.375 -0.2563
11.375 77.625 -0.18023
11.375 77.875 -0.32361
11.375 78.125 -0.25806
11.375 78.375 -0.23435
11.375 78.625 -0.65894
11.375 78.875 -0.20073
11.375 79.125 -0.11759
11.375 79.375 0.38246
11.375 79.625 0.26715
11.625 75.875 3.9703
11.625 76.125 4.1142
11.625 76.375 4.1984
11.625 76.625 3.3923
11.625 76.875 1.3881
11.625 77.125 0.2631
11.625 77.375 0.13544
11.625 77.625 -0.57321
11.625 77.875 -0.89436
11.625 78.125 -0.78081
11.625 78.375 -0.73685
11.625 78.625 -0.19892
11.625 78.875 -0.3077
11.625 79.125 0.42988
11.625 79.375 0.14522
NaN NaN NaN
NaN NaN NaN
11.875 75.875 3.916
11.875 76.125 3.3072
11.875 76.375 2.8982
11.875 76.625 1.544
11.875 76.875 -0.40398
11.875 77.125 -0.17388
11.875 77.375 -0.77085
11.875 77.625 -0.759
11.875 77.875 -1.26
11.875 78.125 -0.61314
11.875 78.375 -0.20893
11.875 78.625 -0.22472
11.875 78.875 -0.5277
11.875 79.125 0.50565
11.875 79.375 -0.16189
11.875 79.625 0.017573
12.125 75.375 2.0586
12.125 75.625 3.1947
12.125 75.875 4.5432
12.125 76.125 3.6078
12.125 76.375 1.7735
12.125 76.625 0.45039
12.125 76.875 -0.5285
12.125 77.125 -0.54117
12.125 77.375 -0.84979
12.125 77.625 -0.98902
12.125 77.875 -1.2329
12.125 78.125 -0.66434
12.125 78.375 -0.22515
12.125 78.625 -0.8918
12.125 78.875 -0.83743
12.125 79.125 0.42518
12.125 79.375 -0.25476
12.125 79.625 -0.14649
12.375 75.125 1.9436
12.375 75.375 2.7285
12.375 75.625 4.422
12.375 75.875 4.6991
12.375 76.125 3.4567
12.375 76.375 1.7758
12.375 76.625 0.67372
12.375 76.875 -0.49588
12.375 77.125 -1.0999
12.375 77.375 -1.3382
12.375 77.625 -1.1465
12.375 77.875 -1.1169
12.375 78.125 -0.76439
12.375 78.375 -0.28996
12.375 78.625 -0.60389
12.375 78.875 -0.87621
12.375 79.125 -0.25865
12.375 79.375 -0.25235
12.375 79.625 -0.50599
12.375 79.875 -0.26494
12.625 75.125 2.0659
12.625 75.375 2.6329
12.625 75.625 4.5494
12.625 75.875 3.8508
12.625 76.125 2.6732
12.625 76.375 1.7578
12.625 76.625 0.84492
12.625 76.875 -0.20707
12.625 77.125 -1.0958
12.625 77.375 -0.9559
12.625 77.625 -0.8716
12.625 77.875 -0.71201
12.625 78.125 -0.69942
12.625 78.375 -0.23023
12.625 78.625 -0.43979
12.625 78.875 0.0091465
12.625 79.125 0.074641
12.625 79.375 -0.89726
12.625 79.625 -0.65441
12.625 79.875 -0.79538
12.875 75.125 2.2262
12.875 75.375 3.369
12.875 75.625 3.9153
12.875 75.875 2.7091
12.875 76.125 1.822
12.875 76.375 1.2433
12.875 76.625 0.30536
12.875 76.875 -0.25679
12.875 77.125 -0.33077
12.875 77.375 -0.45828
12.875 77.625 -0.50405
12.875 77.875 -0.6029
12.875 78.125 0.0070159
12.875 78.375 -0.42928
12.875 78.625 -0.44173
12.875 78.875 0.026766
12.875 79.125 -0.14723
12.875 79.375 -0.16339
12.875 79.625 -0.027021
12.875 79.875 -0.1401
NaN NaN NaN
13.125 75.125 3.227
13.125 75.375 3.6595
13.125 75.625 5.0218
13.125 75.875 3.5859
13.125 76.125 1.9616
13.125 76.375 1.2917
13.125 76.625 0.70544
13.125 76.875 0.16289
13.125 77.125 0.17366
13.125 77.375 -0.088037
13.125 77.625 0.031004
13.125 77.875 -0.045084
13.125 78.125 0.074226
13.125 78.375 -0.23885
13.125 78.625 -0.70538
13.125 78.875 -0.72029
13.125 79.125 -0.00093215
13.125 79.375 -0.23087
13.125 79.625 0.35084
13.125 79.875 0.16249
13.125 80.125 0.16465
NaN NaN NaN
13.375 75.125 3.659
13.375 75.375 4.6765
13.375 75.625 5.0585
13.375 75.875 3.7488
13.375 76.125 2.754
13.375 76.375 1.0919
13.375 76.625 0.58606
13.375 76.875 0.047522
13.375 77.125 0.49066
13.375 77.375 -0.08465
13.375 77.625 0.085505
13.375 77.875 0.44064
13.375 78.125 -0.22549
13.375 78.375 -0.22734
13.375 78.625 0.16228
13.375 78.875 -0.29219
13.375 79.125 -0.65216
13.375 79.375 -0.64485
13.375 79.625 0.08194
13.375 79.875 0.14576
13.375 80.125 0.20385
13.625 74.875 2.923
13.625 75.125 4.2904
13.625 75.375 5.3181
13.625 75.625 4.2402
13.625 75.875 2.8663
13.625 76.125 1.7427
13.625 76.375 0.55968
13.625 76.625 -0.052712
13.625 76.875 -0.038435
13.625 77.125 -0.24801
13.625 77.375 -0.61396
13.625 77.625 0.25249
13.625 77.875 0.24566
13.625 78.125 -0.20732
13.625 78.375 -0.031718
13.625 78.625 -0.22947
13.625 78.875 0.00042094
13.625 79.125 0.048925
13.625 79.375 0.48391
13.625 79.625 -0.19995
13.625 79.875 -0.18881
13.625 80.125 0.14654
13.875 74.875 4.4351
13.875 75.125 5.0968
13.875 75.375 4.0345
13.875 75.625 2.9587
13.875 75.875 2.0753
13.875 76.125 0.79391
13.875 76.375 0.26589
13.875 76.625 0.36786
13.875 76.875 0.046315
13.875 77.125 -0.20546
13.875 77.375 -0.11268
13.875 77.625 -0.2761
13.875 77.875 -0.14824
13.875 78.125 -0.6812
13.875 78.375 0.15326
13.875 78.625 -0.18376
13.875 78.875 0.33849
13.875 79.125 -0.032061
13.875 79.375 -0.27553
13.875 79.625 -0.89331
13.875 79.875 -0.32051
14.125 74.625 4.0893
14.125 74.875 4.7997
14.125 75.125 4.5161
14.125 75.375 3.1222
14.125 75.625 1.3898
14.125 75.875 1.4342
14.125 76.125 0.9453
14.125 76.375 0.77742
14.125 76.625 0.44469
14.125 76.875 -0.079635
14.125 77.125 -0.25345
14.125 77.375 -0.58606
14.125 77.625 -0.48541
14.125 77.875 -0.54539
14.125 78.125 -0.64362
14.125 78.375 -0.012848
14.125 78.625 -0.28891
14.125 78.875 -0.20778
14.125 79.125 -0.091753
14.125 79.375 -0.2928
14.125 79.625 -0.19567
14.125 79.875 -0.18342
14.375 74.625 3.4409
14.375 74.875 4.4304
14.375 75.125 3.2563
14.375 75.375 2.2797
14.375 75.625 1.1862
14.375 75.875 0.88112
14.375 76.125 0.6583
14.375 76.375 0.9058
14.375 76.625 0.29233
14.375 76.875 -0.26554
14.375 77.125 -0.13424
14.375 77.375 -0.20484
14.375 77.625 -0.46974
14.375 77.875 -0.53181
14.375 78.125 -0.58228
14.375 78.375 -0.22572
14.375 78.625 -0.27911
14.375 78.875 -0.12963
14.375 79.125 0.059589
14.375 79.375 0.30014
14.375 79.625 0.15403
14.375 79.875 0.23167
NaN NaN NaN
14.625 74.625 3.0601
14.625 74.875 3.053
14.625 75.125 2.3614
14.625 75.375 1.356
14.625 75.625 0.91943
14.625 75.875 0.75928
14.625 76.125 0.59539
14.625 76.375 0.17026
14.625 76.625 -0.31681
14.625 76.875 -0.49872
14.625 77.125 -0.21603
14.625 77.375 -0.32143
14.625 77.625 -0.42292
14.625 77.875 -0.35876
14.625 78.125 -0.16126
14.625 78.375 -0.060587
14.625 78.625 -0.2574
14.625 78.875 -0.22954
14.625 79.125 0.05376
14.625 79.375 0.10545
14.625 79.625 -0.20362
14.625 79.875 -0.054369
14.875 74.375 4.082
14.875 74.625 3.2108
14.875 74.875 2.981
14.875 75.125 2.1923
14.875 75.375 0.77836
14.875 75.625 0.55412
14.875 75.875 0.24065
14.875 76.125 0.030933
14.875 76.375 -0.42793
14.875 76.625 -0.13486
14.875 76.875 -0.35229
14.875 77.125 -0.40783
14.875 77.375 -0.42326
14.875 77.625 -0.50414
14.875 77.875 -0.41439
14.875 78.125 -0.18911
14.875 78.375 -0.0103
14.875 78.625 -0.3593
14.875 78.875 -0.10202
14.875 79.125 -0.10269
14.875 79.375 -0.36473
14.875 79.625 -0.21174
14.875 79.875 -0.11947
15.125 74.125 3.1326
15.125 74.375 4.2438
15.125 74.625 4.6839
15.125 74.875 4.2776
15.125 75.125 2.2661
15.125 75.375 0.84184
15.125 75.625 0.59289
15.125 75.875 0.51185
15.125 76.125 0.44272
15.125 76.375 0.50437
15.125 76.625 -0.16064
15.125 76.875 -0.24359
15.125 77.125 -0.36015
15.125 77.375 -0.59093
15.125 77.625 -0.21832
15.125 77.875 -0.12489
15.125 78.125 -0.17467
15.125 78.375 0.51646
15.125 78.625 0.22971
15.125 78.875 -0.074235
15.125 79.125 -0.29688
15.125 79.375 -0.037595
15.125 79.625 0.068523
15.125 79.875 0.09182
15.375 73.875 1.7686
15.375 74.125 2.7001
15.375 74.375 3.8243
15.375 74.625 4.3082
15.375 74.875 3.5872
15.375 75.125 1.8662
15.375 75.375 1.5686
15.375 75.625 0.98544
15.375 75.875 0.75403
15.375 76.125 1.3113
15.375 76.375 0.76145
15.375 76.625 -0.24446
15.375 76.875 -0.49317
15.375 77.125 -0.23315
15.375 77.375 0.18764
15.375 77.625 0.007724
15.375 77.875 0.062532
15.375 78.125 -0.0093864
15.375 78.375 0.18158
15.375 78.625 0.49595
15.375 78.875 0.13647
15.375 79.125 -0.17573
15.375 79.375 -0.18493
15.375 79.625 0.0072772
15.375 79.875 0.025933
15.625 73.875 2.1364
15.625 74.125 2.8053
15.625 74.375 3.9147
15.625 74.625 3.4441
15.625 74.875 2.4914
15.625 75.125 1.6525
15.625 75.375 1.3706
15.625 75.625 0.70365
15.625 75.875 1.1144
15.625 76.125 0.77997
15.625 76.375 0.33552
15.625 76.625 0.021318
15.625 76.875 0.18012
15.625 77.125 0.050023
15.625 77.375 0.11877
15.625 77.625 0.21427
15.625 77.875 0.30099
15.625 78.125 0.026955
15.625 78.375 -0.033258
15.625 78.625 0.30056
15.625 78.875 0.48464
15.625 79.125 0.11146
15.625 79.375 0.30793
15.625 79.625 -0.18588
15.625 79.875 -0.074709
15.625 80.125 -0.020267
15.875 73.875 3.9423
15.875 74.125 3.5178
15.875 74.375 3.5401
15.875 74.625 3.32
15.875 74.875 1.8827
15.875 75.125 1.7496
15.875 75.375 1.329
15.875 75.625 0.97049
15.875 75.875 0.67589
15.875 76.125 0.4318
15.875 76.375 0.39538
15.875 76.625 0.51959
15.875 76.875 0.67676
15.875 77.125 0.46778
15.875 77.375 0.71641
15.875 77.625 0.068352
15.875 77.875 0.49036
15.875 78.125 0.38866
15.875 78.375 0.36001
15.875 78.625 0.43136
15.875 78.875 0.48276
15.875 79.125 0.43912
15.875 79.375 0.61955
15.875 79.625 -0.46212
15.875 79.875 -0.17677
15.875 80.125 -0.015428
15.875 80.375 -0.21374
NaN NaN NaN
15.875 80.875 -0.092409
16.125 73.625 2.716
16.125 73.875 4.0855
16.125 74.125 3.4206
16.125 74.375 2.892
16.125 74.625 2.5876
16.125 74.875 1.8457
16.125 75.125 0.64958
16.125 75.375 0.4197
16.125 75.625 0.66003
16.125 75.875 0.66898
16.125 76.125 0.18626
16.125 76.375 0.61474
16.125 76.625 0.68487
16.125 76.875 0.27736
16.125 77.125 0.4232
16.125 77.375 0.92878
16.125 77.625 0.32349
16.125 77.875 0.72361
16.125 78.125 0.88425
16.125 78.375 0.98813
16.125 78.625 0.92945
16.125 78.875 0.70173
16.125 79.125 0.62628
16.125 79.375 -0.044967
16.125 79.625 -0.47178
16.125 79.875 0.02026
16.125 80.125 0.59449
16.125 80.375 -0.065366
16.125 80.625 -0.034783
16.125 80.875 0.019701
16.375 73.625 0.99785
16.375 73.875 3.0146
16.375 74.125 3.12
16.375 74.375 3.1675
16.375 74.625 1.9965
16.375 74.875 1.1711
16.375 75.125 0.58869
16.375 75.375 0.76262
16.375 75.625 0.68495
16.375 75.875 0.81325
16.375 76.125 1.0248
16.375 76.375 0.81622
16.375 76.625 0.99424
16.375 76.875 1.1353
16.375 77.125 0.68352
16.375 77.375 1.0765
16.375 77.625 0.86431
16.375 77.875 1.2311
16.375 78.125 1.4658
16.375 78.375 1.416
16.375 78.625 1.8566
16.375 78.875 1.3819
16.375 79.125 0.75321
16.375 79.375 0.23391
16.375 79.625 -0.035314
16.375 79.875 0.1834
16.375 80.125 0.54681
16.375 80.375 -0.01751
16.375 80.625 0.20152
16.375 80.875 0.50234
16.375 81.125 0.50875
NaN NaN NaN
NaN NaN NaN
16.625 73.625 1.8402
16.625 73.875 2.3794
16.625 74.125 2.1044
16.625 74.375 0.82111
16.625 74.625 0.95881
16.625 74.875 0.77364
16.625 75.125 0.67321
16.625 75.375 0.51165
16.625 75.625 0.64383
16.625 75.875 0.53375
16.625 76.125 0.69604
16.625 76.375 0.75788
16.625 76.625 0.35931
16.625 76.875 0.8004
16.625 77.125 1.0299
16.625 77.375 1.3111
16.625 77.625 1.0008
16.625 77.875 1.6548
16.625 78.125 2.2664
16.625 78.375 2.1329
16.625 78.625 2.0125
16.625 78.875 1.0787
16.625 79.125 0.36101
16.625 79.375 0.23477
16.625 79.625 0.36099
16.625 79.875 0.30583
16.625 80.125 0.54385
16.625 80.375 -0.040178
16.625 80.625 -0.058887
16.625 80.875 0.31382
16.625 81.125 0.25556
16.625 81.375 0.10736
16.625 81.625 0.40744
16.625 81.875 0.35991
16.625 82.125 0.33959
16.875 73.375 1.3659
16.875 73.625 2.3159
16.875 73.875 1.9562
16.875 74.125 1.1867
16.875 74.375 1.3002
16.875 74.625 0.50547
16.875 74.875 0.34773
16.875 75.125 0.52012
16.875 75.375 1.0297
16.875 75.625 0.78175
16.875 75.875 0.42498
16.875 76.125 0.27376
16.875 76.375 0.45925
16.875 76.625 0.78794
16.875 76.875 1.1676
16.875 77.125 1.4349
16.875 77.375 1.4924
16.875 77.625 1.2279
16.875 77.875 1.4708
16.875 78.125 1.5808
16.875 78.375 1.5363
16.875 78.625 0.7958
16.875 78.875 0.1936
16.875 79.125 0.12298
16.875 79.375 0.31781
16.875 79.625 0.78309
16.875 79.875 0.27019
16.875 80.125 0.4466
16.875 80.375 0.36446
16.875 80.625 0.62209
16.875 80.875 0.78982
16.875 81.125 0.58421
16.875 81.375 -0.01624
16.875 81.625 0.2071
16.875 81.875 0.088293
16.875 82.125 0.16149
17.125 73.375 1.7897
17.125 73.625 2.2016
17.125 73.875 2.2164
17.125 74.125 1.6304
17.125 74.375 0.96863
17.125 74.625 0.50404
17.125 74.875 0.28356
17.125 75.125 0.18049
17.125 75.375 0.66398
17.125 75.625 0.70091
17.125 75.875 0.5023
17.125 76.125 0.26881
17.125 76.375 0.7295
17.125 76.625 0.9517
17.125 76.875 1.5046
17.125 77.125 1.0643
17.125 77.375 1.0062
17.125 77.625 1.4044
17.125 77.875 1.5663
17.125 78.125 1.561
17.125 78.375 1.3449
17.125 78.625 0.75599
17.125 78.875 0.93793
17.125 79.125 0.5823
17.125 79.375 0.58935
17.125 79.625 1.2524
17.125 79.875 0.22717
17.125 80.125 0.25769
17.125 80.375 0.59496
17.125 80.625 0.89819
17.125 80.875 1.2014
17.125 81.125 0.55384
17.125 81.375 0.29777
17.125 81.625 0.22921
17.125 81.875 0.030328
17.125 82.125 0.34289
17.125 82.375 0.33225
17.375 73.375 1.3252
17.375 73.625 1.795
17.375 73.875 1.8825
17.375 74.125 1.6288
17.375 74.375 0.80616
17.375 74.625 0.34757
17.375 74.875 0.07809
17.375 75.125 0.14164
17.375 75.375 0.20074
17.375 75.625 0.45331
17.375 75.875 0.34332
17.375 76.125 0.61209
17.375 76.375 1.0754
17.375 76.625 1.051
17.375 76.875 1.7
17.375 77.125 1.1833
17.375 77.375 0.94639
17.375 77.625 1.6259
17.375 77.875 1.212
17.375 78.125 1.312
17.375 78.375 1.02
17.375 78.625 0.9737
17.375 78.875 1.5005
17.375 79.125 0.90328
17.375 79.375 0.83354
17.375 79.625 1.0236
17.375 79.875 1.1364
17.375 80.125 1.1156
17.375 80.375 0.8334
17.375 80.625 0.93496
17.375 80.875 0.81673
17.375 81.125 0.77818
17.375 81.375 0.44507
17.375 81.625 0.40982
17.375 81.875 0.22438
17.375 82.125 0.49669
17.375 82.375 0.37399
NaN NaN NaN
17.625 73.375 1.3782
17.625 73.625 1.5184
17.625 73.875 1.5176
17.625 74.125 1.3014
17.625 74.375 0.43049
17.625 74.625 0.19539
17.625 74.875 0.18056
17.625 75.125 0.11633
17.625 75.375 0.19322
17.625 75.625 0.18708
17.625 75.875 0.37176
17.625 76.125 0.52568
17.625 76.375 0.6123
17.625 76.625 1.5618
17.625 76.875 1.6496
17.625 77.125 1.5769
17.625 77.375 1.314
17.625 77.625 1.2945
17.625 77.875 1.4376
17.625 78.125 1.761
17.625 78.375 1.5222
17.625 78.625 1.1226
17.625 78.875 0.87479
17.625 79.125 0.90868
17.625 79.375 1.0569
17.625 79.625 1.5393
17.625 79.875 1.427
17.625 80.125 1.2574
17.625 80.375 0.94346
17.625 80.625 0.81793
17.625 80.875 1.3548
17.625 81.125 1.345
17.625 81.375 1.0435
17.625 81.625 0.54212
17.625 81.875 0.26227
17.625 82.125 0.34706
17.625 82.375 0.48884
17.625 82.625 0.80339
17.625 82.875 0.12069
17.625 83.125 0.30763
17.875 73.375 1.1615
17.875 73.625 1.7834
17.875 73.875 2.0035
17.875 74.125 1.3016
17.875 74.375 0.56538
17.875 74.625 0.21816
17.875 74.875 0.41545
17.875 75.125 0.096298
17.875 75.375 0.14597
17.875 75.625 0.033744
17.875 75.875 0.17809
17.875 76.125 0.46196
17.875 76.375 0.72373
17.875 76.625 1.2132
17.875 76.875 1.5153
17.875 77.125 1.8627
17.875 77.375 1.5245
17.875 77.625 1.8388
17.875 77.875 1.6029
17.875 78.125 1.691
17.875 78.375 1.6701
17.875 78.625 1.6515
17.875 78.875 1.1033
17.875 79.125 1.2519
17.875 79.375 1.0203
17.875 79.625 1.5207
17.875 79.875 1.6527
17.875 80.125 1.2522
17.875 80.375 0.76417
17.875 80.625 1.1432
17.875 80.875 1.547
17.875 81.125 1.3909
17.875 81.375 1.5465
17.875 81.625 0.96309
17.875 81.875 0.55363
17.875 82.125 0.75788
17.875 82.375 0.94097
17.875 82.625 1.2788
17.875 82.875 1.1197
17.875 83.125 0.47691
17.875 83.375 0.59086
NaN NaN NaN
18.125 73.375 1.1749
18.125 73.625 2.2129
18.125 73.875 1.7058
18.125 74.125 1.3245
18.125 74.375 0.54293
18.125 74.625 0.38556
18.125 74.875 0.52198
18.125 75.125 0.1433
18.125 75.375 0.24712
18.125 75.625 0.27342
18.125 75.875 0.58364
18.125 76.125 0.81985
18.125 76.375 1.0344
18.125 76.625 1.2039
18.125 76.875 1.2195
18.125 77.125 1.4362
18.125 77.375 1.0561
18.125 77.625 1.442
18.125 77.875 1.5464
18.125 78.125 1.9867
18.125 78.375 1.8141
18.125 78.625 1.4409
18.125 78.875 1.6696
18.125 79.125 1.2481
18.125 79.375 0.80238
18.125 79.625 1.3262
18.125 79.875 1.2849
18.125 80.125 1.2026
18.125 80.375 0.89783
18.125 80.625 0.91027
18.125 80.875 1.1139
18.125 81.125 1.3369
18.125 81.375 1.4482
18.125 81.625 1.2357
18.125 81.875 1.1051
18.125 82.125 1.1231
18.125 82.375 1.1695
18.125 82.625 1.2548
18.125 82.875 0.53691
18.125 83.125 0.57831
18.125 83.375 0.8129
18.125 83.625 1.4531
18.375 73.125 1.5327
18.375 73.375 1.4149
18.375 73.625 2.0991
18.375 73.875 1.6529
18.375 74.125 1.2374
18.375 74.375 0.71093
18.375 74.625 0.39965
18.375 74.875 0.2818
18.375 75.125 0.63239
18.375 75.375 1.1154
18.375 75.625 1.1019
18.375 75.875 0.80403
18.375 76.125 0.98719
18.375 76.375 1.1923
18.375 76.625 1.172
18.375 76.875 1.1728
18.375 77.125 1.1392
18.375 77.375 0.88224
18.375 77.625 0.71882
18.375 77.875 1.2217
18.375 78.125 1.7173
18.375 78.375 1.4391
18.375 78.625 0.94942
18.375 78.875 0.78301
18.375 79.125 1.3069
18.375 79.375 1.0501
18.375 79.625 1.3859
18.375 79.875 1.2455
18.375 80.125 0.84132
18.375 80.375 0.96132
18.375 80.625 1.0967
18.375 80.875 0.75769
18.375 81.125 1.2108
18.375 81.375 1.5367
18.375 81.625 1.3201
18.375 81.875 1.2652
18.375 82.125 1.3853
18.375 82.375 1.5857
18.375 82.625 1.1714
18.375 82.875 0.32829
18.375 83.125 0.88017
18.375 83.375 0.93722
18.375 83.625 1.2998
18.375 83.875 1.6477
18.625 73.125 1.9991
18.625 73.375 2.1058
18.625 73.625 2.1188
18.625 73.875 1.869
18.625 74.125 0.91495
18.625 74.375 0.67861
18.625 74.625 0.40462
18.625 74.875 0.36929
18.625 75.125 0.63629
18.625 75.375 0.99455
18.625 75.625 1.1119
18.625 75.875 1.1647
18.625 76.125 1.1783
18.625 76.375 1.3537
18.625 76.625 1.6287
18.625 76.875 1.5931
18.625 77.125 1.4686
18.625 77.375 0.73861
18.625 77.625 0.86525
18.625 77.875 1.0215
18.625 78.125 1.6912
18.625 78.375 1.2747
18.625 78.625 0.21381
18.625 78.875 1.0625
18.625 79.125 0.34132
18.625 79.375 0.96235
18.625 79.625 0.37234
18.625 79.875 0.70009
18.625 80.125 0.7671
18.625 80.375 1.0758
18.625 80.625 1.3268
18.625 80.875 1.4202
18.625 81.125 1.2355
18.625 81.375 1.2984
18.625 81.625 1.396
18.625 81.875 1.0001
18.625 82.125 1.1785
18.625 82.375 1.6662
18.625 82.625 1.6901
18.625 82.875 1.2016
18.625 83.125 0.38096
18.625 83.375 0.45194
18.625 83.625 0.91457
18.625 83.875 1.0724
18.625 84.125 1.0417
18.875 73.125 1.7955
18.875 73.375 2.0549
18.875 73.625 2.5821
18.875 73.875 2.0595
18.875 74.125 1.0339
18.875 74.375 0.53165
18.875 74.625 0.39056
18.875 74.875 0.80581
18.875 75.125 0.67
18.875 75.375 1.2082
18.875 75.625 1.104
18.875 75.875 0.7803
18.875 76.125 1.4337
18.875 76.375 1.3545
18.875 76.625 1.4412
18.875 76.875 1.8
18.875 77.125 1.7802
18.875 77.375 1.0442
18.875 77.625 1.5469
18.875 77.875 1.8517
18.875 78.125 1.6538
18.875 78.375 0.30853
18.875 78.625 1.1045
18.875 78.875 1.4643
18.875 79.125 1.2829
18.875 79.375 1.4334
18.875 79.625 0.66873
18.875 79.875 0.68493
18.875 80.125 0.80988
18.875 80.375 1.1441
18.875 80.625 1.5538
18.875 80.875 1.6346
18.875 81.125 1.3953
18.875 81.375 1.3308
18.875 81.625 0.59823
18.875 81.875 1.8147
18.875 82.125 1.2659
18.875 82.375 1.4449
18.875 82.625 1.3896
18.875 82.875 1.4973
18.875 83.125 0.50132
18.875 83.375 0.77311
18.875 83.625 1.1419
18.875 83.875 1.2916
18.875 84.125 1.4218
18.875 84.375 1.1121
19.125 73.125 2.3974
19.125 73.375 2.0376
19.125 73.625 2.2703
19.125 73.875 1.8643
19.125 74.125 1.1538
19.125 74.375 0.83689
19.125 74.625 0.52607
19.125 74.875 1.1726
19.125 75.125 1.318
19.125 75.375 1.0062
19.125 75.625 0.84223
19.125 75.875 0.63827
19.125 76.125 1.1719
19.125 76.375 0.7839
19.125 76.625 0.97765
19.125 76.875 1.2171
19.125 77.125 2.0256
19.125 77.375 0.78841
19.125 77.625 1.3583
19.125 77.875 1.0761
19.125 78.125 1.0527
19.125 78.375 1.0215
19.125 78.625 1.1718
19.125 78.875 1.7911
19.125 79.125 1.8474
19.125 79.375 2.1772
19.125 79.625 1.7723
19.125 79.875 1.0018
19.125 80.125 1.0325
19.125 80.375 1.1532
19.125 80.625 1.9355
19.125 80.875 1.8522
19.125 81.125 1.3723
19.125 81.375 0.82089
19.125 81.625 0.62628
19.125 81.875 0.12527
19.125 82.125 0.93617
19.125 82.375 0.97529
19.125 82.625 0.91017
19.125 82.875 0.99365
19.125 83.125 0.36316
19.125 83.375 0.67208
19.125 83.625 0.41819
19.125 83.875 1.0553
19.125 84.125 1.2613
19.125 84.375 0.72004
19.125 84.625 0.92122
19.375 72.875 1.9201
19.375 73.125 1.5032
19.375 73.375 1.5482
19.375 73.625 1.7732
19.375 73.875 1.3522
19.375 74.125 1.1575
19.375 74.375 0.86674
19.375 74.625 0.62651
19.375 74.875 0.67842
19.375 75.125 1.2207
19.375 75.375 0.646
19.375 75.625 0.10102
19.375 75.875 0.24228
19.375 76.125 0.54589
19.375 76.375 0.43155
19.375 76.625 0.54231
19.375 76.875 0.87302
19.375 77.125 1.3147
19.375 77.375 0.80184
19.375 77.625 1.0884
19.375 77.875 1.1741
19.375 78.125 1.3568
19.375 78.375 1.1184
19.375 78.625 1.3003
19.375 78.875 1.9024
19.375 79.125 1.7685
19.375 79.375 1.9999
19.375 79.625 1.4975
19.375 79.875 1.4642
19.375 80.125 1.526
19.375 80.375 1.4017
19.375 80.625 1.5507
19.375 80.875 1.5093
19.375 81.125 0.7962
19.375 81.375 0.41762
19.375 81.625 0.33765
19.375 81.875 0.73861
19.375 82.125 1.2793
19.375 82.375 0.54535
19.375 82.625 0.80445
19.375 82.875 1.4232
19.375 83.125 0.45722
19.375 83.375 0.12156
19.375 83.625 0.188
19.375 83.875 0.56887
19.375 84.125 1.0353
19.375 84.375 0.70125
19.375 84.625 0.68931
19.375 84.875 0.57675
19.625 72.875 2.0495
19.625 73.125 1.5797
19.625 73.375 1.1159
19.625 73.625 1.5337
19.625 73.875 1.3119
19.625 74.125 1.1013
19.625 74.375 1.049
19.625 74.625 0.61363
19.625 74.875 0.43154
19.625 75.125 0.58487
19.625 75.375 0.57603
19.625 75.625 0.55338
19.625 75.875 0.50669
19.625 76.125 0.8029
19.625 76.375 0.66093
19.625 76.625 0.5991
19.625 76.875 0.28208
19.625 77.125 0.56114
19.625 77.375 0.75242
19.625 77.625 0.93657
19.625 77.875 1.0327
19.625 78.125 1.0223
19.625 78.375 1.2167
19.625 78.625 1.7738
19.625 78.875 1.6973
19.625 79.125 1.4295
19.625 79.375 1.4155
19.625 79.625 1.3458
19.625 79.875 1.3573
19.625 80.125 1.3714
19.625 80.375 1.3764
19.625 80.625 1.1915
19.625 80.875 1.1394
19.625 81.125 0.92916
19.625 81.375 0.24352
19.625 81.625 0.30079
19.625 81.875 0.74997
19.625 82.125 1.1584
19.625 82.375 1.162
19.625 82.625 1.1482
19.625 82.875 1.1075
19.625 83.125 0.8596
19.625 83.375 0.43019
19.625 83.625 0.90457
19.625 83.875 1.1015
19.625 84.125 1.0657
19.625 84.375 0.92475
19.625 84.625 0.51232
19.625 84.875 0.41975
19.625 85.125 0.48988
19.625 85.375 0.8496
19.875 72.875 1.8386
19.875 73.125 1.5332
19.875 73.375 1.7898
19.875 73.625 1.6057
19.875 73.875 1.7026
19.875 74.125 1.0139
19.875 74.375 1.0774
19.875 74.625 0.99969
19.875 74.875 0.85338
19.875 75.125 0.52088
19.875 75.375 0.7383
19.875 75.625 0.83757
19.875 75.875 0.95621
19.875 76.125 1.4637
19.875 76.375 1.6136
19.875 76.625 0.93443
19.875 76.875 1.1036
19.875 77.125 0.8732
19.875 77.375 0.89675
19.875 77.625 0.96522
19.875 77.875 0.69798
19.875 78.125 0.54853
19.875 78.375 0.7745
19.875 78.625 1.2252
19.875 78.875 1.5271
19.875 79.125 1.511
19.875 79.375 1.3023
19.875 79.625 1.1881
19.875 79.875 1.2637
19.875 80.125 1.2997
19.875 80.375 1.2524
19.875 80.625 1.3762
19.875 80.875 1.2614
19.875 81.125 0.85639
19.875 81.375 0.038389
19.875 81.625 0.35766
19.875 81.875 1.0469
19.875 82.125 1.017
19.875 82.375 1.0212
19.875 82.625 0.81394
19.875 82.875 0.38811
19.875 83.125 0.32473
19.875 83.375 0.11512
19.875 83.625 0.31055
19.875 83.875 0.32123
19.875 84.125 1.17
19.875 84.375 1.0668
19.875 84.625 1.0931
19.875 84.875 0.51218
19.875 85.125 0.31115
19.875 85.375 0.11691
NaN NaN NaN
NaN NaN NaN
NaN NaN NaN
20.125 72.875 2.0674
20.125 73.125 1.4516
20.125 73.375 1.1213
20.125 73.625 2.1456
20.125 73.875 1.3608
20.125 74.125 1.0059
20.125 74.375 1.1725
20.125 74.625 0.94947
20.125 74.875 0.91687
20.125 75.125 1.0878
20.125 75.375 1.0514
20.125 75.625 0.45276
20.125 75.875 0.4788
20.125 76.125 1.1457
20.125 76.375 1.2218
20.125 76.625 1.02
20.125 76.875 1.0164
20.125 77.125 0.89896
20.125 77.375 1.0974
20.125 77.625 0.99359
20.125 77.875 0.62365
20.125 78.125 0.44446
20.125 78.375 0.76113
20.125 78.625 0.90967
20.125 78.875 1.1172
20.125 79.125 1.1158
20.125 79.375 0.94848
20.125 79.625 0.94841
20.125 79.875 1.1652
20.125 80.125 1.2381
20.125 80.375 1.757
20.125 80.625 1.4805
20.125 80.875 1.6599
20.125 81.125 0.52328
20.125 81.375 0.27838
20.125 81.625 0.45122
20.125 81.875 0.94695
20.125 82.125 1.2273
20.125 82.375 0.64149
20.125 82.625 0.13678
20.125 82.875 -0.15053
20.125 83.125 0.23448
20.125 83.375 -0.32293
20.125 83.625 -0.39436
20.125 83.875 1.0504
20.125 84.125 0.9925
20.125 84.375 0.091251
20.125 84.625 0.35779
20.125 84.875 0.45661
20.125 85.125 0.38198
20.125 85.375 0.1849
20.125 85.625 0.07169
20.125 85.875 -0.071887
20.125 86.125 -0.16999
NaN NaN NaN
20.375 73.125 1.3366
20.375 73.375 0.927
20.375 73.625 1.0997
20.375 73.875 0.64815
20.375 74.125 0.82356
20.375 74.375 0.91989
20.375 74.625 0.51065
20.375 74.875 0.79156
20.375 75.125 2.0393
20.375 75.375 1.5042
20.375 75.625 0.87601
20.375 75.875 0.56905
20.375 76.125 0.61185
20.375 76.375 0.62987
20.375 76.625 0.58368
20.375 76.875 0.57439
20.375 77.125 0.74724
20.375 77.375 0.79083
20.375 77.625 0.66193
20.375 77.875 0.24889
20.375 78.125 0.37711
20.375 78.375 0.7538
20.375 78.625 0.90361
20.375 78.875 0.8328
20.375 79.125 0.7451
20.375 79.375 0.97621
20.375 79.625 0.92239
20.375 79.875 1.2086
20.375 80.125 1.5515
20.375 80.375 1.7052
20.375 80.625 1.4689
20.375 80.875 1.1696
20.375 81.125 0.86399
20.375 81.375 0.43112
20.375 81.625 0.51538
20.375 81.875 0.63257
20.375 82.125 1.2472
20.375 82.375 1.1435
20.375 82.625 0.40333
20.375 82.875 0.20775
20.375 83.125 0.057585
20.375 83.375 -0.026557
20.375 83.625 0.24627
20.375 83.875 0.22367
20.375 84.125 0.09428
20.375 84.375 -0.48478
20.375 84.625 -0.26673
20.375 84.875 -0.45963
20.375 85.125 -0.43924
20.375 85.375 -0.27779
20.375 85.625 0.067653
20.375 85.875 -0.26259
20.375 86.125 -0.01724
20.375 86.375 0.012598
NaN NaN NaN
20.625 73.125 0.68991
20.625 73.375 0.973
20.625 73.625 1.2092
20.625 73.875 1.7893
20.625 74.125 1.2446
20.625 74.375 1.1629
20.625 74.625 1.051
20.625 74.875 0.91832
20.625 75.125 1.6073
20.625 75.375 1.3231
20.625 75.625 0.84119
20.625 75.875 0.61726
20.625 76.125 0.32566
20.625 76.375 0.56112
20.625 76.625 0.4113
20.625 76.875 0.45496
20.625 77.125 0.37605
20.625 77.375 0.4196
20.625 77.625 0.52125
20.625 77.875 0.64101
20.625 78.125 0.52261
20.625 78.375 0.5667
20.625 78.625 0.65304
20.625 78.875 0.97648
20.625 79.125 0.96118
20.625 79.375 0.66499
20.625 79.625 1.0967
20.625 79.875 1.2118
20.625 80.125 1.522
20.625 80.375 1.5022
20.625 80.625 1.0252
20.625 80.875 0.71191
20.625 81.125 0.76312
20.625 81.375 0.41786
20.625 81.625 0.29892
20.625 81.875 0.40007
20.625 82.125 1.2252
20.625 82.375 1.0426
20.625 82.625 0.59603
20.625 82.875 0.48443
20.625 83.125 -0.054589
20.625 83.375 0.15156
20.625 83.625 0.0786
20.625 83.875 -0.42342
20.625 84.125 -0.49088
20.625 84.375 -0.55764
20.625 84.625 -0.16634
20.625 84.875 -0.027611
20.625 85.125 -0.21171
20.625 85.375 0.2406
20.625 85.625 -0.8627
20.625 85.875 -0.24921
20.625 86.125 -0.078218
20.625 86.375 -0.0015192
20.625 86.625 0.1249
NaN NaN NaN
20.875 70.625 2.7274
20.875 70.875 2.3536
20.875 71.125 1.8642
20.875 71.375 2.2758
20.875 72.875 1.1821
20.875 73.125 1.0496
20.875 73.375 0.8004
20.875 73.625 1.0371
20.875 73.875 1.2101
20.875 74.125 1.8119
20.875 74.375 1.3003
20.875 74.625 0.88242
20.875 74.875 0.69749
20.875 75.125 0.88049
20.875 75.375 0.67383
20.875 75.625 0.44023
20.875 75.875 0.74996
20.875 76.125 0.5385
20.875 76.375 0.31719
20.875 76.625 0.44869
20.875 76.875 0.73195
20.875 77.125 0.62507
20.875 77.375 0.35775
20.875 77.625 0.63515
20.875 77.875 0.60189
20.875 78.125 0.69687
20.875 78.375 0.668
20.875 78.625 0.39416
20.875 78.875 0.64124
20.875 79.125 0.546
20.875 79.375 0.40958
20.875 79.625 0.53719
20.875 79.875 0.80658
20.875 80.125 1.0275
20.875 80.375 0.91527
20.875 80.625 0.57754
20.875 80.875 0.66591
20.875 81.125 0.40042
20.875 81.375 0.14986
20.875 81.625 0.38769
20.875 81.875 0.17867
20.875 82.125 0.50803
20.875 82.375 0.75621
20.875 82.625 0.16999
20.875 82.875 0.23536
20.875 83.125 0.067425
20.875 83.375 -0.12602
20.875 83.625 -0.025224
20.875 83.875 -0.54108
20.875 84.125 -0.89124
20.875 84.375 -0.12394
20.875 84.625 -0.56317
20.875 84.875 -0.35059
20.875 85.125 -0.33108
20.875 85.375 -0.08142
20.875 85.625 -0.56436
20.875 85.875 -0.3309
20.875 86.125 0.27337
20.875 86.375 -0.11837
20.875 86.625 0.034724
21.125 70.375 2.7293
21.125 70.625 1.9537
21.125 70.875 1.2325
21.125 71.125 1.2459
21.125 71.375 1.4899
NaN NaN NaN
NaN NaN NaN
21.125 72.875 0.45543
21.125 73.125 0.38022
21.125 73.375 1.3047
21.125 73.625 0.42027
21.125 73.875 0.78724
21.125 74.125 0.97091
21.125 74.375 0.67979
21.125 74.625 0.55618
21.125 74.875 0.59894
21.125 75.125 0.51456
21.125 75.375 1.0033
21.125 75.625 0.64334
21.125 75.875 0.54975
21.125 76.125 0.85061
21.125 76.375 0.85981
21.125 76.625 0.51526
21.125 76.875 0.47839
21.125 77.125 0.33884
21.125 77.375 0.60823
21.125 77.625 0.81225
21.125 77.875 0.64714
21.125 78.125 0.54528
21.125 78.375 0.50981
21.125 78.625 0.30728
21.125 78.875 0.4301
21.125 79.125 0.29404
21.125 79.375 0.19861
21.125 79.625 0.39332
21.125 79.875 0.94968
21.125 80.125 1.2418
21.125 80.375 0.56134
21.125 80.625 0.62765
21.125 80.875 0.25267
21.125 81.125 -0.25791
21.125 81.375 0.42707
21.125 81.625 0.17699
21.125 81.875 0.054572
21.125 82.125 0.60512
21.125 82.375 0.49035
21.125 82.625 0.36333
21.125 82.875 0.44328
21.125 83.125 0.063195
21.125 83.375 -0.05591
21.125 83.625 -0.0774
21.125 83.875 -0.3508
21.125 84.125 -0.53783
21.125 84.375 -0.74494
21.125 84.625 -0.31906
21.125 84.875 -0.17308
21.125 85.125 -0.31908
21.125 85.375 -0.1414
21.125 85.625 0.065811
21.125 85.875 0.49897
21.125 86.125 -0.15927
21.125 86.375 -0.19585
21.125 86.625 -0.050918
21.375 70.125 1.6312
21.375 70.375 1.6745
21.375 70.625 1.905
21.375 70.875 0.93384
21.375 71.125 0.67819
21.375 71.375 0.74396
21.375 71.625 0.48212
21.375 71.875 0.58932
21.375 72.875 0.53792
21.375 73.125 0.7246
21.375 73.375 0.76566
21.375 73.625 0.59004
21.375 73.875 0.76667
21.375 74.125 0.57956
21.375 74.375 0.62325
21.375 74.625 0.64814
21.375 74.875 0.80998
21.375 75.125 0.78699
21.375 75.375 0.71948
21.375 75.625 0.72659
21.375 75.875 0.71773
21.375 76.125 0.91424
21.375 76.375 0.67896
21.375 76.625 0.24216
21.375 76.875 0.2069
21.375 77.125 0.34588
21.375 77.375 0.84629
21.375 77.625 0.99371
21.375 77.875 0.5675
21.375 78.125 0.7998
21.375 78.375 0.8722
21.375 78.625 0.49725
21.375 78.875 0.3161
21.375 79.125 0.11201
21.375 79.375 0.018047
21.375 79.625 -0.15479
21.375 79.875 0.20464
21.375 80.125 -0.16205
21.375 80.375 0.13555
21.375 80.625 0.41189
21.375 80.875 0.048176
21.375 81.125 -0.41752
21.375 81.375 -0.031734
21.375 81.625 -0.099989
21.375 81.875 0.38423
21.375 82.125 0.58359
21.375 82.375 0.83249
21.375 82.625 0.3855
21.375 82.875 0.40728
21.375 83.125 0.23227
21.375 83.375 0.32401
21.375 83.625 0.24422
21.375 83.875 0.01395
21.375 84.125 -0.12862
21.375 84.375 0.079074
21.375 84.625 0.40046
21.375 84.875 -0.23505
21.375 85.125 0.051216
21.375 85.375 0.17876
21.375 85.625 0.9029
21.375 85.875 0.31236
21.375 86.125 0.16055
21.375 86.375 -0.23285
21.375 86.625 -0.231
21.375 86.875 -0.073769
21.625 69.875 1.2904
21.625 70.125 1.5906
21.625 70.375 1.9229
21.625 70.625 1.5448
21.625 70.875 0.60655
21.625 71.125 0.37489
21.625 71.375 1.0227
21.625 71.625 1.3233
21.625 71.875 0.68546
21.625 72.125 0.57183
21.625 72.875 0.56052
21.625 73.125 0.44885
21.625 73.375 0.29956
21.625 73.625 0.29125
21.625 73.875 0.34551
21.625 74.125 0.5863
21.625 74.375 0.60662
21.625 74.625 0.98609
21.625 74.875 1.0369
21.625 75.125 0.50839
21.625 75.375 0.36519
21.625 75.625 0.43602
21.625 75.875 0.5689
21.625 76.125 0.49151
21.625 76.375 0.57761
21.625 76.625 0.35099
21.625 76.875 0.58488
21.625 77.125 0.8822
21.625 77.375 0.99529
21.625 77.625 0.68782
21.625 77.875 0.61888
21.625 78.125 0.63983
21.625 78.375 0.78831
21.625 78.625 0.18002
21.625 78.875 -0.0077459
21.625 79.125 -0.0095868
21.625 79.375 0.12693
21.625 79.625 0.021712
21.625 79.875 -0.099715
21.625 80.125 -0.036244
21.625 80.375 0.64877
21.625 80.625 0.47447
21.625 80.875 0.022507
21.625 81.125 -0.64715
21.625 81.375 -0.49393
21.625 81.625 -0.041993
21.625 81.875 0.24707
21.625 82.125 0.52394
21.625 82.375 0.51091
21.625 82.625 0.47056
NaN NaN NaN
21.625 83.125 0.30939
21.625 83.375 0.2206
21.625 83.625 0.40908
21.625 83.875 0.64298
21.625 84.125 0.23516
21.625 84.375 0.44189
21.625 84.625 0.33643
21.625 84.875 0.59284
21.625 85.125 0.11626
21.625 85.375 0.54312
21.625 85.625 0.21069
21.625 85.875 0.24982
21.625 86.125 0.14168
21.625 86.375 0.25456
21.625 86.625 -0.53808
21.625 86.875 -0.22773
21.625 87.125 0.24196
NaN NaN NaN
NaN NaN NaN
21.875 69.625 2.065
21.875 69.875 1.5771
21.875 70.125 1.8422
21.875 70.375 2.0749
21.875 70.625 1.2526
21.875 70.875 0.44419
21.875 71.125 0.1665
21.875 71.375 0.57553
21.875 71.625 1.0551
21.875 71.875 0.62559
21.875 72.125 0.52498
NaN NaN NaN
21.875 72.875 0.57001
21.875 73.125 0.23994
21.875 73.375 0.16581
21.875 73.625 0.17553
21.875 73.875 0.34368
21.875 74.125 0.65083
21.875 74.375 0.70721
21.875 74.625 0.50541
21.875 74.875 0.56122
21.875 75.125 0.31304
21.875 75.375 -0.02959
21.875 75.625 0.028637
21.875 75.875 0.35106
21.875 76.125 0.42363
21.875 76.375 0.47418
21.875 76.625 0.62685
21.875 76.875 0.93087
21.875 77.125 0.96803
21.875 77.375 0.8752
21.875 77.625 0.77042
21.875 77.875 0.71941
21.875 78.125 0.24309
21.875 78.375 -0.071145
21.875 78.625 -0.15286
21.875 78.875 -0.00035185
21.875 79.125 -0.020047
21.875 79.375 0.014664
21.875 79.625 0.089259
21.875 79.875 0.022556
21.875 80.125 0.11288
21.875 80.375 0.34831
21.875 80.625 0.50822
21.875 80.875 -0.15328
21.875 81.125 -0.50386
21.875 81.375 -0.2557
21.875 81.625 0.10246
21.875 81.875 -0.15236
21.875 82.125 0.63705
21.875 82.375 0.19423
21.875 82.625 0.10704
21.875 82.875 0.572
21.875 83.125 0.38081
21.875 83.375 0.15733
21.875 83.625 0.31727
21.875 83.875 1.0606
21.875 84.125 1.0316
21.875 84.375 0.6905
21.875 84.625 0.53587
21.875 84.875 0.45014
21.875 85.125 0.097074
21.875 85.375 0.43012
21.875 85.625 0.3172
21.875 85.875 0.71257
21.875 86.125 0.55306
21.875 86.375 0.28588
21.875 86.625 -0.54897
21.875 86.875 -0.35338
21.875 87.125 0.089618
21.875 87.375 0.094172
21.875 87.625 -0.014897
21.875 87.875 0.16493
21.875 88.375 0.36
NaN NaN NaN
NaN NaN NaN
22.125 69.125 2.4153
22.125 69.375 2.1304
22.125 69.625 1.9419
22.125 69.875 1.8966
22.125 70.125 1.0043
22.125 70.375 1.3882
22.125 70.625 1.012
22.125 70.875 0.68754
22.125 71.125 0.17796
22.125 71.375 0.50153
22.125 71.625 0.44658
22.125 71.875 0.17778
22.125 72.125 0.29327
NaN NaN NaN
22.125 72.875 0.24115
22.125 73.125 0.12815
22.125 73.375 0.25601
22.125 73.625 0.023997
22.125 73.875 0.26304
22.125 74.125 0.93841
22.125 74.375 0.74031
22.125 74.625 0.35464
22.125 74.875 0.34072
22.125 75.125 0.22518
22.125 75.375 0.068625
22.125 75.625 0.31487
22.125 75.875 0.54338
22.125 76.125 0.4092
22.125 76.375 0.32206
22.125 76.625 0.78374
22.125 76.875 0.98143
22.125 77.125 0.90897
22.125 77.375 0.91608
22.125 77.625 0.77067
22.125 77.875 0.5023
22.125 78.125 -0.0032457
22.125 78.375 -0.23654
22.125 78.625 -0.056004
22.125 78.875 0.42576
22.125 79.125 0.0012167
22.125 79.375 -0.25984
22.125 79.625 -0.0084308
22.125 79.875 0.14095
22.125 80.125 0.075215
22.125 80.375 0.48347
22.125 80.625 0.71111
22.125 80.875 -0.055008
22.125 81.125 -0.59274
22.125 81.375 0.69418
22.125 81.625 0.04747
22.125 81.875 0.11537
22.125 82.125 0.078939
22.125 82.375 -0.1103
22.125 82.625 -0.034062
22.125 82.875 0.24292
22.125 83.125 -0.015054
22.125 83.375 -0.28531
22.125 83.625 0.58044
22.125 83.875 0.68163
22.125 84.125 1.3645
22.125 84.375 0.93646
22.125 84.625 1.2223
22.125 84.875 0.85927
22.125 85.125 0.36513
22.125 85.375 0.40342
22.125 85.625 -0.13879
22.125 85.875 0.10081
22.125 86.125 1.1559
22.125 86.375 1.2128
22.125 86.625 0.60554
22.125 86.875 0.44757
22.125 87.125 0.31012
22.125 87.375 -0.10889
22.125 87.625 -0.15198
22.125 87.875 -0.0036364
22.125 88.125 0.25505
22.125 88.375 0.17411
NaN NaN NaN
22.375 69.125 1.8796
22.375 69.875 1.1558
22.375 70.125 1.6609
22.375 70.375 0.9561
22.375 70.625 0.68192
22.375 70.875 0.39077
22.375 71.125 0.54641
22.375 71.375 0.77373
22.375 71.625 0.068768
22.375 71.875 0.06231
22.375 72.125 0.30775
NaN NaN NaN
22.375 72.875 0.23264
22.375 73.125 0.15741
22.375 73.375 0.10586
22.375 73.625 0.23401
22.375 73.875 0.31481
22.375 74.125 0.64939
22.375 74.375 0.7545
22.375 74.625 0.34012
22.375 74.875 0.32273
22.375 75.125 0.44848
22.375 75.375 0.62701
22.375 75.625 0.40933
22.375 75.875 -0.018447
22.375 76.125 0.19374
22.375 76.375 0.30999
22.375 76.625 0.65495
22.375 76.875 0.54157
22.375 77.125 0.61471
22.375 77.375 0.7305
22.375 77.625 0.53006
22.375 77.875 0.30803
22.375 78.125 -0.076809
22.375 78.375 0.0096803
22.375 78.625 0.072717
22.375 78.875 0.25371
22.375 79.125 0.24605
22.375 79.375 0.23716
22.375 79.625 0.17307
22.375 79.875 -0.083256
22.375 80.125 -0.03684
22.375 80.375 0.3998
22.375 80.625 0.23159
22.375 80.875 0.07006
22.375 81.125 -0.11619
22.375 81.375 0.26203
22.375 81.625 -0.07292
22.375 81.875 -0.13314
22.375 82.125 -0.2698
22.375 82.375 -0.30503
22.375 82.625 -0.46012
22.375 82.875 -0.39541
22.375 83.125 -0.4141
22.375 83.375 -0.6699
22.375 83.625 -0.88544
22.375 83.875 -0.27178
22.375 84.125 0.1787
22.375 84.375 0.43894
22.375 84.625 0.47386
22.375 84.875 0.35263
22.375 85.125 0.37704
22.375 85.375 0.27037
22.375 85.625 -0.26574
22.375 85.875 -0.31009
22.375 86.125 0.075871
22.375 86.375 0.62529
22.375 86.625 0.28918
22.375 86.875 0.2468
22.375 87.125 0.31271
22.375 87.375 -0.025374
22.375 87.625 0.022215
22.375 87.875 0.12573
22.375 88.125 -0.35096
22.375 88.375 -0.13804
22.375 88.625 -0.044878
22.375 88.875 0.10225
22.375 92.875 1.655
22.625 70.375 1.2574
22.625 70.625 0.66963
22.625 70.875 0.30635
22.625 71.125 0.45085
22.625 71.375 0.18995
22.625 71.625 0.081661
22.625 71.875 0.037986
22.625 72.125 0.12398
22.625 72.375 0.26222
22.625 72.625 0.92761
22.625 72.875 0.13719
22.625 73.125 0.043708
22.625 73.375 0.40294
22.625 73.625 0.037815
22.625 73.875 0.052673
22.625 74.125 0.79251
22.625 74.375 0.97419
22.625 74.625 0.39556
22.625 74.875 0.36106
22.625 75.125 0.64322
22.625 75.375 0.51809
22.625 75.625 0.15336
22.625 75.875 -0.084646
22.625 76.125 0.15534
22.625 76.375 0.068049
22.625 76.625 0.39501
22.625 76.875 0.52229
22.625 77.125 0.55809
22.625 77.375 0.51087
22.625 77.625 0.3503
22.625 77.875 0.33641
22.625 78.125 0.27888
22.625 78.375 0.36019
22.625 78.625 0.35318
22.625 78.875 0.21788
22.625 79.125 0.27775
22.625 79.375 0.13832
22.625 79.625 0.024133
22.625 79.875 -0.21904
22.625 80.125 0.072978
22.625 80.375 -0.20412
22.625 80.625 -0.69724
22.625 80.875 -0.37056
22.625 81.125 0.11317
22.625 81.375 -0.08445
22.625 81.625 -0.17308
22.625 81.875 -0.014044
22.625 82.125 -0.34347
22.625 82.375 -0.60747
22.625 82.625 -0.91451
22.625 82.875 -0.84952
22.625 83.125 -0.81682
22.625 83.375 -0.25313
22.625 83.625 -0.22628
22.625 83.875 -0.95236
22.625 84.125 -0.32682
22.625 84.375 -0.034051
22.625 84.625 -0.071975
22.625 84.875 0.35287
22.625 85.125 0.18779
22.625 85.375 0.029371
22.625 85.625 0.034828
22.625 85.875 0.057491
22.625 86.125 -0.074413
22.625 86.375 0.23604
22.625 86.625 0.10918
22.625 86.875 0.26737
22.625 87.125 0.24943
22.625 87.375 0.0090332
22.625 87.625 -0.025187
22.625 87.875 -0.2454
22.625 88.125 -0.084817
22.625 88.375 -0.12464
22.625 88.625 -0.04352
22.625 88.875 0.002459
22.625 92.625 -0.43188
22.625 92.875 1.1486
NaN NaN NaN
NaN NaN NaN
NaN NaN NaN
22.875 70.625 0.71784
22.875 70.875 0.39491
22.875 71.125 0.13258
22.875 71.375 -0.16698
22.875 71.625 -0.13185
22.875 71.875 -0.25908
22.875 72.125 -0.03182
22.875 72.375 0.15018
22.875 72.625 1.0334
22.875 72.875 0.3973
22.875 73.125 0.8634
22.875 73.375 0.59125
22.875 73.625 0.15221
22.875 73.875 0.5238
22.875 74.125 0.83683
22.875 74.375 0.66916
22.875 74.625 0.65939
22.875 74.875 0.92897
22.875 75.125 0.70826
22.875 75.375 0.5018
22.875 75.625 0.28525
22.875 75.875 -0.041663
22.875 76.125 -0.19504
22.875 76.375 -0.35417
22.875 76.625 0.10725
22.875 76.875 0.86777
22.875 77.125 0.69879
22.875 77.375 0.6028
22.875 77.625 0.32796
22.875 77.875 0.26624
22.875 78.125 0.50468
22.875 78.375 0.30128
22.875 78.625 0.21978
22.875 78.875 0.082079
22.875 79.125 -0.19378
22.875 79.375 -0.20318
22.875 79.625 -0.48672
22.875 79.875 -0.27169
22.875 80.125 -0.35326
22.875 80.375 -0.18217
22.875 80.625 -0.5531
22.875 80.875 -0.11569
22.875 81.125 -0.042206
22.875 81.375 -0.19863
22.875 81.625 -0.36205
22.875 81.875 -0.20251
22.875 82.125 -0.29398
22.875 82.375 -0.26515
22.875 82.625 -0.62603
22.875 82.875 -0.46404
22.875 83.125 -0.9077
22.875 83.375 -0.23919
22.875 83.625 -0.0059992
22.875 83.875 -0.36075
22.875 84.125 -0.58975
22.875 84.375 -0.46289
22.875 84.625 -0.072142
22.875 84.875 0.25625
22.875 85.125 0.45932
22.875 85.375 0.55289
22.875 85.625 0.061612
22.875 85.875 -0.10245
22.875 86.125 -0.084681
22.875 86.375 0.093171
22.875 86.625 0.51732
22.875 86.875 0.59635
22.875 87.125 0.38335
22.875 87.375 0.28288
22.875 87.625 0.14121
22.875 87.875 -0.51188
22.875 88.125 0.010604
22.875 88.375 0.068273
22.875 88.625 0.053293
22.875 92.625 -0.4411
22.875 92.875 0.42008
23.125 68.875 0.29162
23.125 69.125 0.46417
23.125 69.375 0.8089
23.125 69.625 1.4406
23.125 69.875 1.5937
23.125 70.125 1.3833
23.125 70.875 0.30111
23.125 71.125 0.083176
23.125 71.375 -0.10874
23.125 71.625 -0.050226
23.125 71.875 -0.24346
23.125 72.125 -0.07534
23.125 72.375 0.10594
23.125 72.625 0.98272
23.125 72.875 0.7464
23.125 73.125 0.53676
23.125 73.375 0.56882
23.125 73.625 0.6132
23.125 73.875 0.52313
23.125 74.125 0.40387
23.125 74.375 0.55813
23.125 74.625 0.85221
23.125 74.875 0.75063
23.125 75.125 0.6835
23.125 75.375 0.53443
23.125 75.625 0.1727
23.125 75.875 -0.0021491
23.125 76.125 -0.17651
23.125 76.375 -0.23773
23.125 76.625 -0.35419
23.125 76.875 -0.33246
23.125 77.125 -0.2094
23.125 77.375 0.54489
23.125 77.625 0.34893
23.125 77.875 0.11372
23.125 78.125 0.33159
23.125 78.375 0.13998
23.125 78.625 -0.020638
23.125 78.875 -0.22917
23.125 79.125 -0.27675
23.125 79.375 -0.031174
23.125 79.625 -0.52774
23.125 79.875 -0.28219
23.125 80.125 -0.33381
23.125 80.375 -0.26665
23.125 80.625 -0.11135
23.125 80.875 0.094121
23.125 81.125 0.054642
23.125 81.375 -0.1248
23.125 81.625 -0.31116
23.125 81.875 0.085979
23.125 82.125 -0.16994
23.125 82.375 0.072773
23.125 82.625 0.22427
23.125 82.875 -0.16602
23.125 83.125 -0.65796
23.125 83.375 0.33576
23.125 83.625 1.0144
23.125 83.875 0.45063
23.125 84.125 -0.45264
23.125 84.375 -0.33715
23.125 84.625 0.48227
23.125 84.875 0.7005
23.125 85.125 0.5343
23.125 85.375 0.78338
23.125 85.625 0.059222
23.125 85.875 -0.48168
23.125 86.125 -0.32825
23.125 86.375 0.48034
23.125 86.625 0.26601
23.125 86.875 0.26539
23.125 87.125 0.047746
23.125 87.375 0.71339
23.125 87.625 0.16136
23.125 87.875 -0.29015
23.125 88.125 -0.42329
23.125 88.375 -0.20995
23.125 88.625 -0.12829
NaN NaN NaN
23.125 92.625 -0.29032
23.125 92.875 -0.23552
NaN NaN NaN
23.375 68.875 0.31395
23.375 69.125 0.43232
23.375 69.375 0.66743
23.375 69.625 1.4734
23.375 69.875 1.6214
23.375 70.125 1.1551
23.375 70.375 0.97086
23.375 70.625 1.0335
23.375 70.875 0.77344
23.375 71.125 0.62868
23.375 71.375 0.23455
23.375 71.625 -0.012283
23.375 71.875 0.36201
23.375 72.125 -0.032648
23.375 72.375 0.63671
23.375 72.625 0.62731
23.375 72.875 0.97926
23.375 73.125 0.84258
23.375 73.375 0.88845
23.375 73.625 0.45308
23.375 73.875 0.28551
23.375 74.125 0.42364
23.375 74.375 0.55825
23.375 74.625 1.0289
23.375 74.875 0.92192
23.375 75.125 0.4688
23.375 75.375 0.67013
23.375 75.625 0.10943
23.375 75.875 -0.21227
23.375 76.125 -0.044709
23.375 76.375 -0.2071
23.375 76.625 -0.32205
23.375 76.875 -0.15623
23.375 77.125 -0.2049
23.375 77.375 0.3103
23.375 77.625 -0.088988
23.375 77.875 -0.04113
23.375 78.125 0.29032
23.375 78.375 0.15722
23.375 78.625 -0.14133
23.375 78.875 -0.10778
23.375 79.125 -0.085169
23.375 79.375 0.21068
23.375 79.625 0.24354
23.375 79.875 0.35279
23.375 80.125 -0.18885
23.375 80.375 -0.15246
23.375 80.625 -0.025366
23.375 80.875 0.06037
23.375 81.125 -0.060926
23.375 81.375 -0.10532
23.375 81.625 0.26914
23.375 81.875 0.30691
23.375 82.125 0.40906
23.375 82.375 -0.14315
23.375 82.625 -0.088691
23.375 82.875 -0.17827
23.375 83.125 0.33584
23.375 83.375 0.83147
23.375 83.625 0.80017
23.375 83.875 -0.12234
23.375 84.125 -0.2376
23.375 84.375 -0.45188
23.375 84.625 0.12142
23.375 84.875 0.098923
23.375 85.125 0.33104
23.375 85.375 0.80481
23.375 85.625 0.10622
23.375 85.875 -0.55494
23.375 86.125 -0.62257
23.375 86.375 0.19461
23.375 86.625 -0.10144
23.375 86.875 -0.30025
23.375 87.125 -0.22057
23.375 87.375 -0.32452
23.375 87.625 0.17367
23.375 87.875 -0.55899
23.375 88.125 -0.59205
23.375 88.375 -0.34392
23.375 88.625 -0.28363
23.375 91.375 -0.54957
23.375 91.625 -0.67712
23.375 92.625 -0.18861
23.375 92.875 -0.26486
23.375 93.125 -0.70727
23.625 68.625 0.26139
23.625 68.875 0.273
23.625 69.125 0.46438
23.625 69.375 0.67826
23.625 69.625 1.2216
23.625 69.875 1.1367
23.625 70.125 1.6211
23.625 70.375 1.8313
23.625 70.625 1.3341
23.625 70.875 1.2048
23.625 71.125 1.0661
23.625 71.375 1.1087
23.625 71.625 0.036498
23.625 71.875 -0.015616
23.625 72.125 0.37755
23.625 72.375 0.38513
23.625 72.625 0.76786
23.625 72.875 0.87893
23.625 73.125 0.90704
23.625 73.375 0.60029
23.625 73.625 0.58664
23.625 73.875 0.38701
23.625 74.125 0.62266
23.625 74.375 0.52892
23.625 74.625 1.0293
23.625 74.875 0.70517
23.625 75.125 0.23291
23.625 75.375 0.63684
23.625 75.625 0.3922
23.625 75.875 0.30094
23.625 76.125 0.20613
23.625 76.375 0.27188
23.625 76.625 0.56234
23.625 76.875 0.57206
23.625 77.125 0.077049
23.625 77.375 -3.4563e-05
23.625 77.625 -0.31687
23.625 77.875 -0.048681
23.625 78.125 -0.13359
23.625 78.375 -0.10011
23.625 78.625 -0.13217
23.625 78.875 -0.0019103
23.625 79.125 0.049005
23.625 79.375 0.16871
23.625 79.625 0.35113
23.625 79.875 0.70071
23.625 80.125 0.41588
23.625 80.375 -0.082328
23.625 80.625 0.22266
23.625 80.875 0.18062
23.625 81.125 -0.089308
23.625 81.375 0.064217
23.625 81.625 0.22016
23.625 81.875 0.15353
23.625 82.125 0.15941
23.625 82.375 0.32282
23.625 82.625 0.51324
23.625 82.875 0.47014
23.625 83.125 0.69783
23.625 83.375 0.57279
23.625 83.625 0.37652
23.625 83.875 -0.12511
23.625 84.125 -0.41284
23.625 84.375 -0.34777
23.625 84.625 0.1404
23.625 84.875 0.26615
23.625 85.125 -0.2416
23.625 85.375 0.83558
23.625 85.625 0.36248
23.625 85.875 1.0357
23.625 86.125 -1.3536
23.625 86.375 0.024631
23.625 86.625 0.32167
23.625 86.875 -0.17643
23.625 87.125 -0.30031
23.625 87.375 -0.00044877
23.625 87.625 -0.62613
23.625 87.875 -0.43411
23.625 88.125 -0.51944
23.625 88.375 -0.49221
23.625 91.375 -0.74174
23.625 91.625 -0.94913
NaN NaN NaN
23.625 92.375 -0.51857
23.625 92.625 -0.25271
23.625 92.875 -0.48329
23.625 93.125 -0.60018
23.875 68.875 0.24666
23.875 69.125 0.46922
23.875 69.375 0.74717
23.875 69.625 1.2751
23.875 69.875 1.2174
23.875 70.125 0.97381
23.875 70.375 1.0295
23.875 70.625 1.1015
23.875 70.875 1.036
23.875 71.125 1.027
23.875 71.375 1.7012
23.875 71.625 0.81521
23.875 71.875 0.60072
23.875 72.125 0.73257
23.875 72.375 0.76774
23.875 72.625 0.97583
23.875 72.875 1.2254
23.875 73.125 1.2321
23.875 73.375 1.529
23.875 73.625 0.50071
23.875 73.875 0.7471
23.875 74.125 0.52654
23.875 74.375 0.54798
23.875 74.625 0.41778
23.875 74.875 0.14397
23.875 75.125 0.1348
23.875 75.375 0.17773
23.875 75.625 0.34625
23.875 75.875 0.37137
23.875 76.125 0.48753
23.875 76.375 0.46889
23.875 76.625 0.92659
23.875 76.875 0.86925
23.875 77.125 0.047241
23.875 77.375 -0.04455
23.875 77.625 0.27778
23.875 77.875 0.257
23.875 78.125 0.010955
23.875 78.375 -0.24819
23.875 78.625 0.26137
23.875 78.875 0.064408
23.875 79.125 0.082633
23.875 79.375 0.12773
23.875 79.625 0.3056
23.875 79.875 0.37174
23.875 80.125 0.22347
23.875 80.375 -0.13003
23.875 80.625 0.02573
23.875 80.875 0.27769
23.875 81.125 0.14268
23.875 81.375 0.1885
23.875 81.625 -0.040322
23.875 81.875 0.14824
23.875 82.125 0.23416
23.875 82.375 0.35883
23.875 82.625 0.7529
23.875 82.875 0.68595
23.875 83.125 0.42018
23.875 83.375 -0.084376
23.875 83.625 0.1037
23.875 83.875 0.099372
23.875 84.125 0.30472
23.875 84.375 -0.11452
23.875 84.625 0.001716
23.875 84.875 -0.53736
23.875 85.125 -0.87655
23.875 85.375 -0.52607
23.875 85.625 -0.051905
23.875 85.875 -0.046468
23.875 86.125 -0.50609
23.875 86.375 0.23112
23.875 86.625 -0.18837
23.875 86.875 -0.022961
23.875 87.125 -0.2546
23.875 87.375 -0.32411
23.875 87.625 -0.7247
23.875 87.875 -0.37987
23.875 88.125 -0.38708
23.875 88.375 -0.406
23.875 91.375 -0.65423
23.875 91.625 -0.65977
23.875 91.875 -0.48726
23.875 92.125 -0.35377
23.875 92.375 -0.33192
23.875 92.625 -0.28992
23.875 92.875 -0.94233
23.875 93.125 -0.62341
23.875 93.375 -0.44384
24.125 68.875 0.21268
24.125 69.125 0.43602
24.125 69.375 0.63919
24.125 69.625 0.95472
24.125 69.875 1.0248
24.125 70.125 0.99834
24.125 70.375 1.2093
24.125 70.625 0.87973
24.125 70.875 0.90915
24.125 71.125 0.98785
24.125 71.375 0.79865
24.125 71.625 0.5583
24.125 71.875 0.71942
24.125 72.125 1.1131
24.125 72.375 0.7946
24.125 72.625 1.0183
24.125 72.875 1.016
24.125 73.125 0.9883
24.125 73.375 0.72163
24.125 73.625 0.58382
24.125 73.875 0.58214
24.125 74.125 0.46155
24.125 74.375 0.42885
24.125 74.625 -0.013429
24.125 74.875 -0.17972
24.125 75.125 -0.34102
24.125 75.375 -0.22336
24.125 75.625 -0.067944
24.125 75.875 0.090799
24.125 76.125 0.64464
24.125 76.375 0.80521
24.125 76.625 0.79102
24.125 76.875 1.1036
24.125 77.125 0.41497
24.125 77.375 0.19302
24.125 77.625 0.87607
24.125 77.875 0.38273
24.125 78.125 -0.17016
24.125 78.375 -0.035311
24.125 78.625 0.38633
24.125 78.875 0.21874
24.125 79.125 0.12657
24.125 79.375 0.19083
24.125 79.625 -0.15604
24.125 79.875 0.30954
24.125 80.125 -0.049414
24.125 80.375 -0.095895
24.125 80.625 0.21452
24.125 80.875 0.30988
24.125 81.125 0.27047
24.125 81.375 -0.040725
24.125 81.625 -0.047171
24.125 81.875 0.13895
24.125 82.125 0.3973
24.125 82.375 0.45471
24.125 82.625 1.1884
24.125 82.875 0.74529
24.125 83.125 0.19708
24.125 83.375 -0.3823
24.125 83.625 -0.26767
24.125 83.875 0.013726
24.125 84.125 0.18618
24.125 84.375 0.13895
24.125 84.625 0.074033
24.125 84.875 -0.50869
24.125 85.125 -0.79592
24.125 85.375 -0.21455
24.125 85.625 -0.49009
24.125 85.875 -0.1989
24.125 86.125 -0.6198
24.125 86.375 -1.2229
24.125 86.625 -0.64527
24.125 86.875 -0.63449
24.125 87.125 -0.83202
24.125 87.375 -0.2507
24.125 87.625 -0.48769
24.125 87.875 -0.32697
24.125 88.125 -0.33471
24.125 88.375 -0.25802
24.125 91.875 0.020188
24.125 92.125 0.049449
24.125 92.375 -0.02233
24.125 92.625 -0.53233
24.125 92.875 -1.0202
24.125 93.125 -0.72611
24.125 93.375 -0.1042
24.125 93.625 0.14365
24.125 93.875 0.42188
NaN NaN NaN
24.375 71.375 0.59129
24.375 71.625 0.64994
24.375 71.875 0.5792
24.375 72.125 0.76708
24.375 72.375 0.18119
24.375 72.625 0.58945
24.375 72.875 0.74646
24.375 73.125 0.89999
24.375 73.375 1.0484
24.375 73.625 0.96878
24.375 73.875 0.62176
24.375 74.125 0.27051
24.375 74.375 0.38922
24.375 74.625 0.31264
24.375 74.875 0.19025
24.375 75.125 -0.0066379
24.375 75.375 0.33305
24.375 75.625 0.66456
24.375 75.875 0.40724
24.375 76.125 0.66922
24.375 76.375 1.0293
24.375 76.625 1.3523
24.375 76.875 0.85725
24.375 77.125 0.42739
24.375 77.375 0.64729
24.375 77.625 0.93781
24.375 77.875 0.97801
24.375 78.125 0.81625
24.375 78.375 0.98579
24.375 78.625 1.1147
24.375 78.875 0.92262
24.375 79.125 0.69381
24.375 79.375 0.19936
24.375 79.625 0.03816
24.375 79.875 0.11128
24.375 80.125 -0.374
24.375 80.375 0.0099505
24.375 80.625 0.59771
24.375 80.875 0.32497
24.375 81.125 0.086381
24.375 81.375 -0.071499
24.375 81.625 0.10588
24.375 81.875 0.58475
24.375 82.125 0.48717
24.375 82.375 0.58363
24.375 82.625 1.2924
24.375 82.875 1.5257
24.375 83.125 0.74105
24.375 83.375 0.72933
24.375 83.625 0.23476
24.375 83.875 -0.048614
24.375 84.125 0.5403
24.375 84.375 0.82121
24.375 84.625 0.60639
24.375 84.875 0.061112
24.375 85.125 -0.13414
24.375 85.375 -0.017708
24.375 85.625 0.19145
24.375 85.875 -0.093683
24.375 86.125 -0.51861
24.375 86.375 -0.64635
24.375 86.625 -0.35898
24.375 86.875 -0.64632
24.375 87.125 -1.1172
24.375 87.375 -0.62893
24.375 87.625 -0.53202
24.375 87.875 -0.5369
24.375 88.125 -0.24925
24.375 92.375 -0.23208
24.375 92.625 -0.49525
24.375 92.875 -1.0898
24.375 93.125 -0.69519
24.375 93.375 -0.04652
24.375 93.625 0.10285
24.375 93.875 0.17753
24.375 94.125 0.26952
24.625 71.125 -0.0039761
24.625 71.375 0.22432
24.625 71.625 0.42526
24.625 71.875 0.32722
24.625 72.125 0.16518
24.625 72.375 0.12009
24.625 72.625 0.36534
24.625 72.875 0.44127
24.625 73.125 0.65271
24.625 73.375 0.91418
24.625 73.625 1.1191
24.625 73.875 0.76952
24.625 74.125 0.28561
24.625 74.375 0.43457
24.625 74.625 0.60753
24.625 74.875 0.79941
24.625 75.125 0.96299
24.625 75.375 1.0285
24.625 75.625 1.1548
24.625 75.875 0.80421
24.625 76.125 1.0766
24.625 76.375 1.3622
24.625 76.625 1.3106
24.625 76.875 0.8665
24.625 77.125 0.62378
24.625 77.375 1.0601
24.625 77.625 0.89611
24.625 77.875 0.73228
24.625 78.125 0.8987
24.625 78.375 1.2732
24.625 78.625 0.71033
24.625 78.875 0.70466
24.625 79.125 0.96442
24.625 79.375 0.87111
24.625 79.625 0.68753
24.625 79.875 -0.09416
24.625 80.125 0.17433
24.625 80.375 0.28514
24.625 80.625 0.38691
24.625 80.875 -0.014531
24.625 81.125 -0.35251
24.625 81.375 0.65493
24.625 81.625 0.74868
24.625 81.875 0.92897
24.625 82.125 0.015732
24.625 82.375 -0.077647
24.625 82.625 1.6336
24.625 82.875 1.7539
24.625 83.125 0.91668
24.625 83.375 0.7813
24.625 83.625 0.54113
24.625 83.875 0.52124
24.625 84.125 0.46161
24.625 84.375 0.66064
24.625 84.625 0.32457
24.625 84.875 0.28214
24.625 85.125 0.11126
24.625 85.375 -0.0082365
24.625 85.625 -0.31973
24.625 85.875 -0.46022
24.625 86.125 -0.2414
24.625 86.375 0.12673
24.625 86.625 0.31833
24.625 86.875 -0.18865
24.625 87.125 -0.96644
24.625 87.375 -0.83562
24.625 87.625 -0.35545
24.625 87.875 -0.073491
24.625 92.375 -0.16201
24.625 92.625 -0.03497
24.625 92.875 -0.59753
24.625 93.125 0.21267
24.625 93.375 0.62263
24.625 93.625 0.19528
24.625 93.875 0.45586
24.625 94.125 0.4396
NaN NaN NaN
24.875 71.125 -0.20435
24.875 71.375 -0.13978
24.875 71.625 0.016843
24.875 71.875 -0.25798
24.875 72.125 -0.34584
24.875 72.375 -0.1373
24.875 72.625 0.0245
24.875 72.875 0.075568
24.875 73.125 0.028949
24.875 73.375 0.35687
24.875 73.625 0.88004
24.875 73.875 0.39698
24.875 74.125 0.37072
24.875 74.375 0.67967
24.875 74.625 1.1465
24.875 74.875 1.0125
24.875 75.125 1.4079
24.875 75.375 1.1448
24.875 75.625 0.96972
24.875 75.875 1.1585
24.875 76.125 1.1666
24.875 76.375 1.6127
24.875 76.625 1.8615
24.875 76.875 1.8547
24.875 77.125 1.4121
24.875 77.375 1.294
24.875 77.625 1.1605
24.875 77.875 0.75967
24.875 78.125 0.85575
24.875 78.375 1.4383
24.875 78.625 0.80816
24.875 78.875 1.9372
24.875 79.125 1.7423
24.875 79.375 1.3605
24.875 79.625 1.0131
24.875 79.875 0.36994
24.875 80.125 0.24686
24.875 80.375 0.60136
24.875 80.625 0.6358
24.875 80.875 0.21132
24.875 81.125 -0.27397
24.875 81.375 -0.14148
24.875 81.625 0.5085
24.875 81.875 0.53928
24.875 82.125 -0.051617
24.875 82.375 -0.21958
24.875 82.625 0.96153
24.875 82.875 -0.17073
24.875 83.125 0.0028433
24.875 83.375 0.056597
24.875 83.625 0.32081
24.875 83.875 -0.061175
24.875 84.125 0.076752
24.875 84.375 -0.83186
24.875 84.625 -0.57344
24.875 84.875 0.085388
24.875 85.125 0.03364
24.875 85.375 -0.42035
24.875 85.625 -0.10131
24.875 85.875 0.36436
24.875 86.125 -0.18457
24.875 86.375 0.40736
24.875 86.625 0.52559
24.875 86.875 -0.47501
24.875 87.125 -0.97645
24.875 87.375 -0.71893
24.875 87.625 0.20918
24.875 87.875 0.39277
24.875 88.125 2.0367
24.875 92.625 0.22732
24.875 92.875 0.39359
24.875 93.125 1.0063
24.875 93.375 1.1516
24.875 93.625 1.2394
24.875 93.875 1.1132
24.875 94.125 1.1835
24.875 94.375 1.2615
25.125 71.125 -0.36891
25.125 71.375 -0.2565
25.125 71.625 -0.28224
25.125 71.875 -0.25278
25.125 72.125 -0.12593
25.125 72.375 0.8225
25.125 72.625 0.53589
25.125 72.875 0.026472
25.125 73.125 0.19413
25.125 73.375 0.57648
25.125 73.625 0.91395
25.125 73.875 0.58207
25.125 74.125 0.40657
25.125 74.375 1.3447
25.125 74.625 1.4892
25.125 74.875 1.5127
25.125 75.125 2.0218
25.125 75.375 1.4055
25.125 75.625 1.2871
25.125 75.875 0.88843
25.125 76.125 0.91987
25.125 76.375 1.346
25.125 76.625 1.6683
25.125 76.875 1.9279
25.125 77.125 1.2573
25.125 77.375 0.80989
25.125 77.625 1.2695
25.125 77.875 1.6153
25.125 78.125 0.98104
25.125 78.375 0.75163
25.125 78.625 0.60196
25.125 78.875 1.1634
25.125 79.125 1.3638
25.125 79.375 0.79747
25.125 79.625 0.67882
25.125 79.875 1.2478
25.125 80.125 0.14284
25.125 80.375 0.58055
25.125 80.625 0.4161
25.125 80.875 0.066447
25.125 81.125 -0.56705
25.125 81.375 -0.11238
25.125 81.625 -0.60454
25.125 81.875 -0.17834
25.125 82.125 0.10032
25.125 82.375 0.75474
25.125 82.625 0.38255
25.125 82.875 -0.19847
25.125 83.125 -0.091408
25.125 83.375 -0.069109
25.125 83.625 0.69999
25.125 83.875 0.0037737
25.125 84.125 -0.056786
25.125 84.375 -0.57189
25.125 84.625 0.012042
25.125 84.875 -0.30797
25.125 85.125 -0.1355
25.125 85.375 0.061236
25.125 85.625 -0.35718
25.125 85.875 -0.22014
25.125 86.125 -0.20092
25.125 86.375 -0.11817
25.125 86.625 0.045001
25.125 86.875 -0.77958
25.125 87.125 0.24972
25.125 87.375 -0.022243
25.125 87.625 0.37908
25.125 87.875 0.83476
25.125 88.125 1.9718
25.125 88.375 2.3302
25.125 92.375 0.11111
25.125 92.625 0.60724
25.125 92.875 0.96056
25.125 93.125 1.7642
25.125 93.375 1.9814
25.125 93.625 1.6607
25.125 93.875 1.4023
25.125 94.125 1.8112
25.125 94.375 1.7809
25.375 70.875 -0.18982
25.375 71.125 -0.22653
25.375 71.375 -0.20719
25.375 71.625 -0.30013
25.375 71.875 -0.21578
25.375 72.125 -0.054294
25.375 72.375 0.61897
25.375 72.625 0.45755
25.375 72.875 0.60567
25.375 73.125 0.79426
25.375 73.375 1.0742
25.375 73.625 0.74923
25.375 73.875 0.48397
25.375 74.125 1.275
25.375 74.375 1.1865
25.375 74.625 1.656
25.375 74.875 1.8197
25.375 75.125 1.8407
25.375 75.375 1.6388
25.375 75.625 1.8521
25.375 75.875 1.3359
25.375 76.125 1.6181
25.375 76.375 1.1545
25.375 76.625 0.71479
25.375 76.875 0.57351
25.375 77.125 1.2425
25.375 77.375 1.2794
25.375 77.625 1.5429
25.375 77.875 1.5799
25.375 78.125 1.2107
25.375 78.375 1.0037
25.375 78.625 -0.20875
25.375 78.875 0.3779
25.375 79.125 0.71585
25.375 79.375 0.72301
25.375 79.625 0.98964
25.375 79.875 1.3964
25.375 80.125 1.02
25.375 80.375 0.49551
25.375 80.625 0.54912
25.375 80.875 -0.71572
25.375 81.125 -0.54461
25.375 81.375 0.033104
25.375 81.625 -0.17674
25.375 81.875 -0.67061
25.375 82.125 -0.5297
25.375 82.375 -0.33921
25.375 82.625 -0.21862
25.375 82.875 -0.44283
25.375 83.125 -0.39299
25.375 83.375 0.18386
25.375 83.625 1.3882
25.375 83.875 1.0336
25.375 84.125 0.23282
25.375 84.375 0.010832
25.375 84.625 -0.008138
25.375 84.875 0.27401
25.375 85.125 -0.42183
25.375 85.375 -0.36989
25.375 85.625 0.51621
25.375 85.875 0.53497
25.375 86.125 0.59271
25.375 86.375 0.18255
25.375 86.625 0.48523
25.375 86.875 -0.10311
25.375 87.125 0.046579
25.375 87.375 0.39023
25.375 87.625 1.3218
25.375 87.875 1.4412
25.375 88.125 2.2941
25.375 88.375 2.1638
25.375 88.625 0.58936
25.375 90.125 0.021305
25.375 90.375 -0.011182
25.375 90.625 -0.19263
25.375 90.875 -0.27046
25.375 91.125 -0.20864
25.375 91.375 1.3254
25.375 91.625 0.30088
25.375 91.875 0.54731
25.375 92.125 1.0882
25.375 92.375 2.2774
25.375 92.625 2.5033
25.375 92.875 2.4532
25.375 93.125 2.3035
25.375 93.375 1.8264
25.375 93.625 1.8642
25.375 93.875 1.9524
25.375 94.125 2.4154
25.375 94.375 2.3964
25.625 70.875 0.051151
25.625 71.125 -0.23648
25.625 71.375 -0.16886
25.625 71.625 -0.13819
25.625 71.875 -0.094439
25.625 72.125 -0.12647
25.625 72.375 -0.037703
25.625 72.625 -0.25946
25.625 72.875 0.14011
25.625 73.125 1.038
25.625 73.375 1.1295
25.625 73.625 0.49704
25.625 73.875 0.78653
25.625 74.125 1.2478
25.625 74.375 1.0402
25.625 74.625 1.6984
25.625 74.875 1.957
25.625 75.125 1.9651
25.625 75.375 2.4275
25.625 75.625 3.1069
25.625 75.875 2.5027
25.625 76.125 1.8914
25.625 76.375 1.2327
25.625 76.625 0.52259
25.625 76.875 0.34972
25.625 77.125 0.77228
25.625 77.375 1.4098
25.625 77.625 1.4533
25.625 77.875 1.6887
25.625 78.125 1.0217
25.625 78.375 -0.22555
25.625 78.625 0.16181
25.625 78.875 0.46503
25.625 79.125 1.1351
25.625 79.375 1.1251
25.625 79.625 1.4553
25.625 79.875 1.5712
25.625 80.125 1.5599
25.625 80.375 0.14999
25.625 80.625 -0.77627
25.625 80.875 -0.95432
25.625 81.125 -0.59221
25.625 81.375 -0.4754
25.625 81.625 -0.27044
25.625 81.875 0.22788
25.625 82.125 -0.49327
25.625 82.375 0.21044
25.625 82.625 -0.39727
25.625 82.875 -0.85946
25.625 83.125 -0.47716
25.625 83.375 -0.11575
25.625 83.625 1.5076
25.625 83.875 0.37719
25.625 84.125 -0.32806
25.625 84.375 -0.22059
25.625 84.625 0.79053
25.625 84.875 0.34759
25.625 85.125 -0.069385
25.625 85.375 0.19668
25.625 85.625 0.36847
25.625 85.875 0.36072
25.625 86.125 -0.22364
25.625 86.375 0.097323
25.625 86.625 -0.57559
25.625 86.875 0.77643
25.625 87.125 0.77447
25.625 87.375 0.094511
25.625 87.625 0.62986
25.625 87.875 0.92943
25.625 88.125 1.4325
25.625 90.125 0.36726
25.625 90.375 0.58271
25.625 90.625 0.73817
25.625 90.875 0.50322
25.625 91.125 1.8864
25.625 91.375 2.7347
25.625 91.625 2.1257
25.625 91.875 1.3648
25.625 92.125 3.3088
25.625 92.375 3.6866
25.625 92.625 2.942
25.625 92.875 2.4527
25.625 93.125 1.5587
25.625 93.375 1.7949
25.625 93.625 1.7177
25.625 93.875 2.5818
25.625 94.125 2.8307
25.625 94.375 2.5023
NaN NaN NaN
NaN NaN NaN
25.875 70.375 -0.095778
25.875 70.625 -0.34993
25.875 70.875 -0.39749
25.875 71.125 -0.30976
25.875 71.375 -0.14336
25.875 71.625 0.012912
25.875 71.875 0.083678
25.875 72.125 0.11193
25.875 72.375 0.078294
25.875 72.625 -0.24103
25.875 72.875 -0.21147
25.875 73.125 0.73796
25.875 73.375 1.4332
25.875 73.625 0.78444
25.875 73.875 0.59046
25.875 74.125 0.3721
25.875 74.375 0.98141
25.875 74.625 2.2162
25.875 74.875 2.0411
25.875 75.125 1.6801
25.875 75.375 1.577
25.875 75.625 2.0454
25.875 75.875 2.6033
25.875 76.125 1.8968
25.875 76.375 1.4815
25.875 76.625 0.54175
25.875 76.875 0.24211
25.875 77.125 0.98894
25.875 77.375 1.4132
25.875 77.625 1.9091
25.875 77.875 1.6192
25.875 78.125 1.4473
25.875 78.375 0.91825
25.875 78.625 0.99303
25.875 78.875 0.22565
25.875 79.125 0.30171
25.875 79.375 0.077113
25.875 79.625 0.14325
25.875 79.875 0.56264
25.875 80.125 0.21947
25.875 80.375 -0.64857
25.875 80.625 -0.64677
25.875 80.875 -0.73197
25.875 81.125 -0.5871
25.875 81.375 -0.15492
25.875 81.625 0.057938
25.875 81.875 0.097161
25.875 82.125 -0.57167
25.875 82.375 -0.35415
25.875 82.625 -0.77739
25.875 82.875 -0.34562
25.875 83.125 -0.5538
25.875 83.375 -0.418
25.875 83.625 0.60102
25.875 83.875 -0.25947
25.875 84.125 0.70046
25.875 84.375 -0.3138
25.875 84.625 -0.11298
25.875 84.875 0.2445
25.875 85.125 -0.11799
25.875 85.375 0.68061
25.875 85.625 0.84401
25.875 85.875 0.28284
25.875 86.125 0.30566
25.875 86.375 0.75487
25.875 86.625 0.99935
25.875 86.875 1.0691
25.875 87.125 0.73038
25.875 87.375 0.066999
25.875 87.625 -0.15143
25.875 87.875 -0.17107
25.875 90.125 0.12759
25.875 90.375 0.27478
25.875 90.625 0.74814
25.875 90.875 1.2103
25.875 91.125 1.4673
25.875 91.375 1.724
25.875 91.625 2.0184
25.875 91.875 1.3275
25.875 92.125 1.1378
25.875 92.375 1.824
25.875 92.625 1.1925
25.875 92.875 1.7761
25.875 93.125 0.69556
25.875 93.375 0.54819
25.875 93.625 1.3546
25.875 93.875 1.9727
25.875 94.125 1.9542
25.875 94.375 2.1242
25.875 94.625 1.8993
25.875 94.875 2.216
26.125 70.375 -0.22574
26.125 70.625 -0.47312
26.125 70.875 -0.40587
26.125 71.125 -0.75191
26.125 71.375 -0.46511
26.125 71.625 0.14875
26.125 71.875 0.29562
26.125 72.125 0.46107
26.125 72.375 0.14222
26.125 72.625 -0.2338
26.125 72.875 -0.28702
26.125 73.125 0.042874
26.125 73.375 0.7017
26.125 73.625 0.26505
26.125 73.875 0.32549
26.125 74.125 0.86013
26.125 74.375 1.7222
26.125 74.625 1.9913
26.125 74.875 2.1555
26.125 75.125 1.2563
26.125 75.375 1.5874
26.125 75.625 1.5144
26.125 75.875 1.9593
26.125 76.125 1.5935
26.125 76.375 0.86538
26.125 76.625 0.53192
26.125 76.875 0.50994
26.125 77.125 0.035523
26.125 77.375 0.63874
26.125 77.625 1.1813
26.125 77.875 1.8926
26.125 78.125 1.3117
26.125 78.375 1.1314
26.125 78.625 1.4088
26.125 78.875 1.5456
26.125 79.125 0.89394
26.125 79.375 0.0061483
26.125 79.625 -0.34492
26.125 79.875 -0.11912
26.125 80.125 0.29491
26.125 80.375 -0.20536
26.125 80.625 -0.85385
26.125 80.875 0.224
26.125 81.125 0.10493
26.125 81.375 -0.68098
26.125 81.625 0.080812
26.125 81.875 -0.37433
26.125 82.125 -0.42338
26.125 82.375 -0.731
26.125 82.625 -0.67174
26.125 82.875 -0.42993
26.125 83.125 -0.56536
26.125 83.375 -0.47909
26.125 83.625 -0.11368
26.125 83.875 0.72385
26.125 84.125 0.91152
26.125 84.375 -0.13538
26.125 84.625 0.16436
26.125 84.875 -0.10557
26.125 85.125 0.091513
26.125 85.375 -0.63056
26.125 85.625 0.22589
26.125 85.875 1.9676
26.125 86.125 0.46359
26.125 86.375 0.90234
26.125 86.625 0.59534
26.125 86.875 0.71904
26.125 87.125 0.56578
26.125 87.375 0.13375
26.125 87.625 0.057214
26.125 87.875 -0.1267
26.125 88.125 0.23683
26.125 89.375 -0.1483
26.125 89.875 0.034668
26.125 90.125 0.1271
26.125 90.375 0.34004
26.125 90.625 0.39236
26.125 90.875 0.42872
26.125 91.125 0.18332
26.125 91.375 0.1278
26.125 91.625 -0.0055704
26.125 91.875 0.10883
26.125 92.125 0.54593
26.125 92.375 0.51788
26.125 92.625 0.82036
26.125 92.875 0.73856
26.125 93.125 0.17211
26.125 93.375 1.1182
26.125 93.625 1.1457
26.125 93.875 1.2538
26.125 94.125 1.0729
26.125 94.375 1.0488
26.125 94.625 1.2853
26.125 94.875 2.0141
26.375 70.375 -0.31031
26.375 70.625 -0.28511
26.375 70.875 -0.42791
26.375 71.125 -0.48289
26.375 71.375 -0.10047
26.375 71.625 0.49143
26.375 71.875 0.58731
26.375 72.125 0.40182
26.375 72.375 0.31239
26.375 72.625 -0.17038
26.375 72.875 -0.13364
26.375 73.125 0.094559
26.375 73.375 0.38615
26.375 73.625 0.72851
26.375 73.875 0.94982
26.375 74.125 1.0891
26.375 74.375 1.3753
26.375 74.625 -0.080792
26.375 74.875 1.3504
26.375 75.125 1.2321
26.375 75.375 1.0486
26.375 75.625 1.1666
26.375 75.875 1.6676
26.375 76.125 1.2605
26.375 76.375 0.58473
26.375 76.625 0.86607
26.375 76.875 0.94122
26.375 77.125 1.125
26.375 77.375 1.7089
26.375 77.625 0.95166
26.375 77.875 0.7063
26.375 78.125 0.57871
26.375 78.375 -0.089206
26.375 78.625 1.4044
26.375 78.875 0.73942
26.375 79.125 0.41227
26.375 79.375 -0.28047
26.375 79.625 -0.21982
26.375 79.875 0.73129
26.375 80.125 0.67892
26.375 80.375 -0.11903
26.375 80.625 -0.22608
26.375 80.875 0.52005
26.375 81.125 -0.11485
26.375 81.375 -0.68399
26.375 81.625 -0.84047
26.375 81.875 -0.4594
26.375 82.125 -0.5352
26.375 82.375 -0.40564
26.375 82.625 -0.77269
26.375 82.875 -0.41462
26.375 83.125 -0.6437
26.375 83.375 -0.16118
26.375 83.625 0.49484
26.375 83.875 0.4019
26.375 84.125 -0.15232
26.375 84.375 0.16518
26.375 84.625 -0.41706
26.375 84.875 0.39979
26.375 85.125 0.091708
26.375 85.375 0.16006
26.375 85.625 0.46567
26.375 85.875 0.86718
26.375 86.125 0.62318
26.375 86.375 -0.74522
26.375 86.625 -0.71145
26.375 86.875 0.50712
26.375 87.125 0.18048
26.375 87.625 -1.021
26.375 87.875 0.094777
26.375 88.125 1.4493
26.375 88.375 0.5216
26.375 88.875 0.11875
26.375 89.375 -0.46929
26.375 89.625 -0.26294
26.375 89.875 -0.25668
26.375 90.125 0.08497
26.375 90.375 0.051398
26.375 90.625 0.03598
26.375 90.875 -0.12057
26.375 91.125 -0.39078
26.375 91.375 -0.51962
26.375 91.625 -0.76794
26.375 91.875 -0.6997
26.375 92.125 -0.1839
26.375 92.375 0.068017
26.375 92.625 0.080041
26.375 92.875 0.3951
26.375 93.125 0.3744
26.375 93.375 0.89129
26.375 93.625 0.6475
26.375 93.875 0.40485
26.375 94.125 0.60431
26.375 94.375 0.3454
26.375 94.625 0.61258
26.375 94.875 1.5143
26.625 69.875 -0.21509
26.625 70.125 -0.35478
26.625 70.375 -0.45957
26.625 70.625 -0.078288
26.625 70.875 -0.19514
26.625 71.125 -0.35303
26.625 71.375 0.31683
26.625 71.625 0.6968
26.625 71.875 0.72909
26.625 72.125 0.28317
26.625 72.375 -0.095068
26.625 72.625 -0.14595
26.625 72.875 0.14626
26.625 73.125 0.5698
26.625 73.375 0.20672
26.625 73.625 0.89771
26.625 73.875 1.1448
26.625 74.125 1.2144
26.625 74.375 0.87528
26.625 74.625 0.4567
26.625 74.875 1.6374
26.625 75.125 0.99911
26.625 75.375 1.48
26.625 75.625 1.2653
26.625 75.875 0.77053
26.625 76.125 1.7557
26.625 76.375 0.6841
26.625 76.625 0.61178
26.625 76.875 0.55582
26.625 77.125 1.1051
26.625 77.375 1.5416
26.625 77.625 1.0908
26.625 77.875 -0.025859
26.625 78.125 0.34279
26.625 78.375 0.39936
26.625 78.625 0.86235
26.625 78.875 -0.00041466
26.625 79.125 -0.23301
26.625 79.375 0.80763
26.625 79.625 1.1188
26.625 79.875 0.20797
26.625 80.125 0.0040524
26.625 80.375 0.28174
26.625 80.625 -0.017949
26.625 80.875 0.75919
26.625 81.125 1.2185
26.625 81.375 0.57101
26.625 81.625 -0.62925
26.625 81.875 0.11643
26.625 82.125 -0.023921
26.625 82.375 -0.49365
26.625 82.625 -1.2574
26.625 82.875 -0.24683
26.625 83.125 -0.24148
26.625 83.375 -0.61322
26.625 83.625 -0.18449
26.625 83.875 -0.010064
26.625 84.125 0.31407
26.625 84.375 -0.39839
26.625 84.625 -0.67154
26.625 84.875 -0.0060432
26.625 85.125 0.049076
26.625 85.375 0.017414
26.625 85.625 0.40588
26.625 86.125 0.28472
26.625 88.375 1.7597
26.625 88.625 0.55563
26.625 88.875 -0.25545
26.625 89.125 -0.21116
26.625 89.375 0.036427
26.625 89.625 0.10401
26.625 89.875 0.22078
26.625 90.125 0.34398
26.625 90.375 -0.023965
26.625 90.625 -0.26823
26.625 90.875 -0.17694
26.625 91.125 -0.14275
26.625 91.375 -0.15631
26.625 91.625 -0.71798
26.625 91.875 -0.20403
26.625 92.125 0.10176
26.625 92.375 0.053953
26.625 92.625 -0.41094
26.625 92.875 0.054996
26.625 93.125 -0.0037138
26.625 93.375 0.89166
26.625 93.625 0.35248
26.625 93.875 -0.19279
26.625 94.125 -0.51522
26.625 94.375 -0.42594
26.625 94.625 0.25118
26.625 94.875 1.0625
26.625 95.125 1.7424
26.875 69.625 -0.32141
26.875 69.875 -0.44199
26.875 70.125 -0.5091
26.875 70.375 -0.39324
26.875 70.625 -0.12098
26.875 70.875 -0.21559
26.875 71.125 -0.20589
26.875 71.375 0.058561
26.875 71.625 0.47985
26.875 71.875 0.49374
26.875 72.125 -0.0018773
26.875 72.375 0.083108
26.875 72.625 0.1971
26.875 72.875 0.83974
26.875 73.125 1.0012
26.875 73.375 0.61827
26.875 73.625 0.72447
26.875 73.875 1.0372
26.875 74.125 1.137
26.875 74.375 0.93362
26.875 74.625 1.1544
26.875 74.875 1.6566
26.875 75.125 1.4843
26.875 75.375 1.52
26.875 75.625 0.942
26.875 75.875 1.2371
26.875 76.125 2.0657
26.875 76.375 0.93921
26.875 76.625 1.1779
26.875 76.875 0.67042
26.875 77.125 0.54909
26.875 77.375 0.055137
26.875 77.625 0.93436
26.875 77.875 0.030906
26.875 78.125 -0.14099
26.875 78.375 0.65496
26.875 78.625 0.23488
26.875 78.875 0.33502
26.875 79.125 1.5338
26.875 79.375 1.7933
26.875 79.625 1.2283
26.875 79.875 0.49643
26.875 80.125 0.18772
26.875 80.375 0.16209
26.875 80.625 0.13504
26.875 80.875 0.88537
26.875 81.125 0.30084
26.875 81.375 -0.0091006
26.875 81.625 -0.80161
26.875 81.875 0.35578
26.875 82.125 -0.081785
26.875 82.375 -0.89133
26.875 82.625 -1.1821
26.875 82.875 -0.48192
26.875 83.125 -0.48379
26.875 83.375 -0.85212
26.875 83.625 -0.53163
26.875 83.875 -0.52938
26.875 84.125 0.16357
26.875 84.375 -0.47711
26.875 84.625 -0.30149
26.875 84.875 -0.031841
26.875 88.375 1.7018
26.875 88.625 0.49006
26.875 88.875 0.53593
26.875 92.375 0.38895
26.875 92.625 0.062877
26.875 92.875 0.2701
26.875 93.125 0.12626
26.875 93.375 0.63618
26.875 93.625 0.33123
26.875 93.875 0.10039
26.875 94.125 -0.81108
26.875 94.375 -0.45682
26.875 94.625 -0.16304
26.875 94.875 0.078327
26.875 95.125 0.6706
26.875 95.375 1.5859
26.875 95.625 1.4132
27.125 69.875 -0.51117
27.125 70.125 -0.47301
27.125 70.375 -0.43889
27.125 70.625 -0.26096
27.125 70.875 -0.32851
27.125 71.125 -0.096296
27.125 71.375 -0.10695
27.125 71.625 -0.10815
27.125 71.875 -0.35191
27.125 72.125 -0.33705
27.125 72.375 -0.19446
27.125 72.625 0.33294
27.125 72.875 0.56851
27.125 73.125 0.78333
27.125 73.375 0.66598
27.125 73.625 0.66674
27.125 73.875 0.91814
27.125 74.125 0.7905
27.125 74.375 0.39546
27.125 74.625 1.2051
27.125 74.875 0.92091
27.125 75.125 1.1873
27.125 75.375 2.0278
27.125 75.625 2.8754
27.125 75.875 1.9953
27.125 76.125 0.32929
27.125 76.375 0.64229
27.125 76.625 0.26546
27.125 76.875 -0.058289
27.125 77.125 1.2277
27.125 77.375 0.61157
27.125 77.625 1.3839
27.125 77.875 -0.11337
27.125 78.125 1.1469
27.125 78.375 0.64479
27.125 78.625 -0.30213
27.125 78.875 0.48549
27.125 79.125 1.3468
27.125 79.375 -0.22865
27.125 79.625 0.0754
27.125 79.875 0.61535
27.125 80.125 -0.11583
27.125 80.375 -0.040179
27.125 80.625 -0.20235
27.125 80.875 1.1114
27.125 81.125 -0.060513
27.125 81.375 -0.098798
27.125 81.625 -0.34467
27.125 81.875 -0.035356
27.125 82.125 -0.37724
27.125 82.375 -0.57861
27.125 82.625 -0.62568
27.125 82.875 -0.25898
27.125 83.125 -0.47838
27.125 83.375 -0.29831
27.125 83.625 0.025298
27.125 83.875 -0.15899
27.125 84.125 -0.36355
27.125 84.375 -0.16647
27.125 84.625 -0.1655
27.125 88.125 2.0141
27.125 88.375 1.1726
27.125 88.625 1.0483
27.125 92.125 0.92119
27.125 92.375 0.8518
27.125 92.625 0.58391
27.125 92.875 0.42548
27.125 93.125 -0.03171
27.125 93.375 0.55594
27.125 93.625 0.57643
27.125 93.875 0.75772
27.125 94.125 0.54033
27.125 94.375 -0.17188
27.125 94.625 -0.4959
27.125 94.875 -0.46912
27.125 95.125 -0.3504
27.125 95.375 0.87465
27.125 95.625 1.1283
27.125 95.875 1.3182
27.375 70.125 -0.58991
27.375 70.375 -0.51844
27.375 70.625 -0.5364
27.375 70.875 -0.11043
27.375 71.125 0.027508
27.375 71.375 -0.12708
27.375 71.625 -0.20039
27.375 71.875 -0.46762
27.375 72.125 -0.63122
27.375 72.375 -0.35212
27.375 72.625 -0.45201
27.375 72.875 0.038956
27.375 73.125 0.43955
27.375 73.375 0.49278
27.375 73.625 0.62147
27.375 73.875 0.58633
27.375 74.125 0.36076
27.375 74.375 0.22412
27.375 74.625 0.88862
27.375 74.875 0.99876
27.375 75.125 1.8782
27.375 75.375 1.9571
27.375 75.625 2.6726
27.375 75.875 1.7642
27.375 76.125 0.14373
27.375 76.375 0.60827
27.375 76.625 0.33581
27.375 76.875 1.0801
27.375 77.125 1.3645
27.375 77.375 -0.1693
27.375 77.625 0.65195
27.375 77.875 0.91107
27.375 78.125 1.2243
27.375 78.375 0.62717
27.375 78.625 0.21595
27.375 78.875 1.333
27.375 79.125 -0.36162
27.375 79.375 -0.7605
27.375 79.625 -0.41186
27.375 79.875 0.40707
27.375 80.125 -0.61176
27.375 80.375 -0.78357
27.375 80.625 -0.62532
27.375 80.875 -0.91423
27.375 81.125 -0.17913
27.375 81.375 -0.018757
27.375 81.625 -0.9336
27.375 81.875 -0.28795
27.375 82.125 0.53394
27.375 82.375 -0.2447
27.375 82.625 -0.50834
27.375 82.875 -0.27592
27.375 83.125 -0.36415
27.375 83.625 0.074646
27.375 84.125 0.0014076
27.375 84.375 0.071365
27.375 88.125 2.8552
27.375 88.375 1.6826
27.375 88.625 0.84669
27.375 92.125 0.81873
27.375 92.375 1.1595
27.375 92.625 1.0941
27.375 92.875 0.37033
27.375 93.125 -0.18068
27.375 93.375 0.16931
27.375 93.625 1.3852
27.375 93.875 1.6996
27.375 94.125 2.0662
27.375 94.375 0.59329
27.375 94.625 0.04448
27.375 94.875 -0.4315
27.375 95.125 -0.52982
27.375 95.375 -0.30167
27.375 95.625 -0.16558
27.375 95.875 -0.24774
27.375 96.125 -0.17646
27.375 96.375 0.57192
27.375 96.625 1.1489
27.375 96.875 1.5386
27.625 70.125 -0.5943
27.625 70.375 -0.50609
27.625 70.625 -0.47275
27.625 70.875 -0.16918
27.625 71.125 0.026306
27.625 71.375 -0.097065
27.625 71.625 -0.16495
27.625 71.875 -0.44709
27.625 72.125 -0.65803
27.625 72.375 -0.64713
27.625 72.625 -0.30068
27.625 72.875 -0.24551
27.625 73.125 -0.031236
27.625 73.375 0.4104
27.625 73.625 0.65793
27.625 73.875 0.37681
27.625 74.125 0.63202
27.625 74.375 0.51661
27.625 74.625 1.0369
27.625 74.875 1.0689
27.625 75.125 1.162
27.625 75.375 1.3129
27.625 75.625 0.96272
27.625 75.875 0.81269
27.625 76.125 0.43524
27.625 76.375 0.17276
27.625 76.625 0.6265
27.625 76.875 1.4105
27.625 77.125 0.38295
27.625 77.375 0.04344
27.625 77.625 -0.059538
27.625 77.875 0.61201
27.625 78.125 2.284
27.625 78.375 1.8681
27.625 78.625 -0.024452
27.625 78.875 -0.14041
27.625 79.125 -0.88626
27.625 79.375 -0.8959
27.625 79.625 -0.64711
27.625 79.875 0.21397
27.625 80.125 0.072675
27.625 80.375 -0.023349
27.625 80.625 -0.2211
27.625 80.875 -0.76119
27.625 81.125 -0.23173
27.625 81.375 -0.34643
27.625 81.625 -0.58626
27.625 81.875 -0.2481
27.625 82.125 0.068459
27.625 82.375 -0.14501
27.625 82.625 -0.28077
27.625 88.375 1.6164
27.625 88.625 1.0894
27.625 91.625 -0.11918
27.625 91.875 0.27778
27.625 92.125 0.33637
27.625 92.375 0.73836
27.625 92.625 0.64216
27.625 92.875 0.17485
27.625 93.125 0.28429
27.625 93.375 0.75415
27.625 93.625 0.48027
27.625 93.875 0.46978
27.625 94.125 1.0968
27.625 94.375 1.2347
27.625 94.625 -0.017687
27.625 94.875 -0.632
27.625 95.125 -1.2411
27.625 95.375 -0.82163
27.625 95.625 -1.0839
27.625 95.875 -1.1278
27.625 96.125 -0.63694
27.625 96.375 0.44359
27.625 96.625 1.0043
27.625 96.875 1.4381
27.875 70.375 -0.57088
27.875 71.875 -0.56972
27.875 72.125 -0.71979
27.875 72.375 -0.68937
27.875 72.625 -0.20124
27.875 72.875 -0.14512
27.875 73.125 -0.07191
27.875 73.375 0.19316
27.875 73.625 0.31887
27.875 73.875 0.33814
27.875 74.125 0.57399
27.875 74.375 0.54769
27.875 74.625 0.96229
27.875 74.875 1.1621
27.875 75.125 0.80818
27.875 75.375 0.56806
27.875 75.625 0.38915
27.875 75.875 0.53998
27.875 76.125 0.41694
27.875 76.375 0.44666
27.875 76.625 0.21415
27.875 76.875 0.94901
27.875 77.125 0.9385
27.875 77.375 -0.033741
27.875 77.625 -0.57009
27.875 77.875 1.408
27.875 78.125 2.6483
27.875 78.375 1.08
27.875 78.625 0.53585
27.875 78.875 0.44857
27.875 79.125 -0.30905
27.875 79.375 -0.4389
27.875 79.625 -0.68652
27.875 79.875 0.49813
27.875 80.125 0.51938
27.875 80.375 0.30672
27.875 80.625 -0.4579
27.875 80.875 -0.72673
27.875 81.125 -0.51106
27.875 81.375 -0.26315
27.875 81.625 -0.25798
NaN NaN NaN
NaN NaN NaN
27.875 92.875 -0.26267
27.875 93.125 -0.024053
27.875 93.375 -0.49418
27.875 93.625 -0.5574
27.875 93.875 -0.31493
27.875 94.125 -0.12809
27.875 94.375 -0.10411
27.875 94.625 -0.25468
27.875 94.875 -0.18928
27.875 95.125 -0.22019
27.875 95.375 -0.81064
27.875 95.625 -1.1018
27.875 95.875 -1.3906
27.875 96.125 -0.697
27.875 96.375 -0.058056
27.875 96.625 0.75281
27.875 96.875 1.2343
27.875 97.125 1.4739
28.125 72.125 -0.79906
28.125 72.375 -0.5892
28.125 72.625 -0.17382
28.125 72.875 0.12237
28.125 73.125 0.31256
28.125 73.375 0.24561
28.125 73.625 0.15769
28.125 73.875 0.053598
28.125 74.125 -0.010683
28.125 74.375 0.33181
28.125 74.625 1.1485
28.125 74.875 1.2895
28.125 75.125 0.41185
28.125 75.375 0.70873
28.125 75.625 0.61275
28.125 75.875 0.97029
28.125 76.125 1.6054
28.125 76.375 0.91373
28.125 76.625 1.233
28.125 76.875 1.2943
28.125 77.125 0.30427
28.125 77.375 0.16209
28.125 77.625 0.28918
28.125 77.875 1.2969
28.125 78.125 3.7632
28.125 78.375 2.0074
28.125 78.625 0.038858
28.125 78.875 0.33808
28.125 79.125 -0.036581
28.125 79.375 -0.60273
28.125 79.625 -0.83919
28.125 79.875 -0.24074
28.125 80.125 -0.0044867
28.125 80.375 -0.0098848
28.125 80.625 -0.024908
28.125 80.875 -0.71013
28.125 81.125 -0.97048
28.125 81.375 -0.32442
28.125 92.875 -0.499
28.125 93.125 -0.51481
28.125 93.375 -0.8188
28.125 93.625 -0.95971
28.125 93.875 -0.78325
28.125 94.125 -0.69051
28.125 94.375 -0.28165
28.125 94.625 -0.26078
28.125 94.875 -0.082952
28.125 95.125 -0.086104
28.125 95.375 -0.22161
28.125 95.625 -0.4802
28.125 95.875 -0.73536
28.125 96.125 -0.49141
28.125 96.375 0.36886
28.125 96.625 0.67046
28.125 96.875 0.95191
28.125 97.125 1.3346
28.375 72.375 -0.62509
28.375 72.625 -0.48025
28.375 72.875 -0.30976
28.375 73.125 0.085685
28.375 73.375 -0.074243
28.375 73.625 -0.30285
28.375 73.875 -0.26124
28.375 74.125 -0.30466
28.375 74.375 -0.13273
28.375 74.625 0.95001
28.375 74.875 0.83627
28.375 75.125 0.31153
28.375 75.375 0.28938
28.375 75.625 0.75363
28.375 75.875 1.0016
28.375 76.125 0.93424
28.375 76.375 0.48966
28.375 76.625 0.18291
28.375 76.875 0.28907
28.375 77.125 -0.28719
28.375 77.375 -0.51525
28.375 77.625 0.014923
28.375 77.875 0.08701
28.375 78.125 1.5848
28.375 78.375 1.1894
28.375 78.625 -0.29634
28.375 78.875 -0.42118
28.375 79.125 -0.086554
28.375 79.375 -0.027689
28.375 79.625 -0.71729
28.375 79.875 -0.57729
28.375 80.125 -0.31129
28.375 80.375 -0.32942
28.375 80.625 -0.3389
28.375 80.875 -0.62188
28.375 81.125 -0.48114
28.375 93.375 -0.90561
28.375 93.625 -0.55965
28.375 93.875 -0.18534
28.375 94.125 0.0042293
28.375 94.375 0.033529
28.375 94.625 0.10253
28.375 94.875 0.090961
28.375 95.125 -0.023045
28.375 95.375 0.3764
28.375 95.625 0.55028
28.375 95.875 0.17014
28.375 96.125 0.044565
28.375 96.625 0.68023
28.625 72.375 -0.41521
28.625 72.625 -0.2985
28.625 72.875 -0.23522
28.625 73.125 0.089803
28.625 73.375 0.024319
28.625 73.625 -0.018134
28.625 73.875 -0.25653
28.625 74.125 -0.16164
28.625 74.375 0.41638
28.625 74.625 0.86091
28.625 74.875 0.68081
28.625 75.125 0.41488
28.625 75.375 0.07919
28.625 75.625 -0.25909
28.625 75.875 -0.45011
28.625 76.125 0.4012
28.625 76.375 0.37116
28.625 76.625 0.82988
28.625 76.875 -0.013584
28.625 77.125 -0.74279
28.625 77.375 -0.65919
28.625 77.625 -0.74252
28.625 77.875 -0.80195
28.625 78.125 0.3013
28.625 78.375 0.2796
28.625 78.625 -0.91442
28.625 78.875 -0.37294
28.625 79.125 0.26056
28.625 79.375 -0.22054
28.625 79.625 0.052283
28.625 79.875 -0.12119
28.625 80.125 0.096821
28.625 80.375 -0.028468
28.625 80.625 -0.28139
28.625 93.625 -0.22623
NaN NaN NaN
28.625 94.125 0.56091
28.625 94.375 0.61466
28.625 94.625 0.38274
28.625 94.875 0.22107
28.625 95.125 0.037367
28.625 95.375 0.57024
28.625 95.625 0.84474
28.625 95.875 0.27844
28.625 96.125 0.4195
28.625 96.375 6.465
28.875 72.875 -0.049064
28.875 73.125 0.39254
28.875 73.375 1.0834
28.875 73.625 1.0343
28.875 73.875 1.1915
28.875 74.125 1.2435
28.875 74.375 0.83394
28.875 74.625 1.2838
28.875 74.875 1.1157
28.875 75.125 0.05868
28.875 75.375 -0.041544
28.875 75.625 0.15727
28.875 75.875 -0.093698
28.875 76.125 0.030451
28.875 76.375 0.033391
28.875 76.625 -0.23602
28.875 76.875 -0.35203
28.875 77.125 0.34314
28.875 77.375 0.014155
28.875 77.625 -0.058943
28.875 77.875 -0.093971
28.875 78.125 -0.057171
28.875 78.375 -0.42048
28.875 78.625 -0.3101
28.875 78.875 -0.42375
28.875 79.125 0.51083
28.875 79.375 0.59164
28.875 79.625 0.57961
28.875 79.875 0.67137
28.875 94.125 0.28091
28.875 94.375 0.44812
28.875 94.625 0.20481
28.875 94.875 0.21121
28.875 95.125 0.12455
28.875 95.375 0.087668
28.875 95.625 0.34315
28.875 95.875 -0.008165
28.875 96.125 0.80938
28.875 96.375 5.8982
29.125 73.125 0.43058
29.125 73.375 1.162
29.125 73.625 1.1668
29.125 73.875 1.7073
29.125 74.125 1.0984
29.125 74.375 1.0432
29.125 74.625 1.2422
29.125 74.875 0.96247
29.125 75.125 -0.44917
29.125 75.375 0.19735
29.125 75.625 0.41713
29.125 75.875 -0.42753
29.125 76.125 -0.82277
29.125 76.375 -1.0374
29.125 76.625 0.039061
29.125 76.875 -0.22486
29.125 77.125 -0.53894
29.125 77.375 -0.067238
29.125 77.625 -0.33399
29.125 77.875 -0.31535
29.125 78.125 -0.23391
29.125 78.375 -0.37591
29.125 78.625 0.016137
29.125 78.875 -0.46442
29.125 79.125 0.4922
29.125 79.375 0.53444
29.125 79.625 0.15176
29.125 79.875 0.30906
29.125 80.125 0.52083
29.125 94.375 0.55745
29.125 94.625 0.14482
29.125 94.875 0.42972
29.125 95.625 -0.145
29.125 95.875 0.2945
29.125 96.125 5.6642
29.375 73.375 0.54858
29.375 73.625 1.2323
29.375 73.875 1.6969
29.375 74.125 1.4498
29.375 74.375 0.29277
29.375 74.625 0.13371
29.375 74.875 -0.14067
29.375 75.125 -0.21179
29.375 75.375 -0.58463
29.375 75.625 -0.27574
29.375 75.875 -0.93693
29.375 76.125 -0.52645
29.375 76.375 -0.91375
29.375 76.625 -0.33544
29.375 76.875 -1.3132
29.375 77.125 -1.2666
29.375 77.375 -0.50616
29.375 77.625 -0.45777
29.375 77.875 -0.25711
29.375 78.125 -0.21248
29.375 78.375 -0.20363
29.375 78.625 -0.81485
29.375 78.875 -0.29642
29.375 79.125 0.10107
29.375 79.375 0.41367
29.375 79.625 -0.40981
29.375 79.875 -0.052824
29.375 80.125 -0.13403
29.375 96.125 4.8984
29.625 73.375 0.31454
29.625 73.625 0.56142
29.625 73.875 1.0915
29.625 74.125 1.4153
29.625 74.375 0.2698
29.625 74.625 -0.6835
29.625 74.875 -0.49253
29.625 75.125 -0.38729
29.625 75.375 -0.71229
29.625 75.625 0.34368
29.625 75.875 -0.3314
29.625 76.125 -0.78909
29.625 76.375 -0.042859
29.625 76.625 0.025459
29.625 76.875 0.21012
29.625 77.125 -0.56271
29.625 77.375 -1.2055
29.625 77.625 -0.47966
29.625 77.875 -0.20736
29.625 78.125 0.051761
29.625 78.375 -0.35439
29.625 78.625 -1.012
29.625 78.875 -0.74586
29.625 79.125 0.029424
29.625 79.375 -0.013506
29.625 79.625 -0.15011
29.625 79.875 -0.17404
29.625 80.125 -0.23511
29.875 73.625 0.6181
29.875 73.875 0.54644
29.875 74.125 0.47702
29.875 74.375 -0.58917
29.875 74.625 -0.98205
29.875 74.875 -0.99396
29.875 75.125 -0.40476
29.875 75.375 -0.020521
29.875 75.625 0.37356
29.875 75.875 -0.058069
29.875 76.125 -0.11771
29.875 76.375 -0.026904
29.875 76.625 0.94048
29.875 76.875 -0.81252
29.875 77.125 -0.72473
29.875 77.375 -0.89292
29.875 77.625 -0.38306
29.875 77.875 0.57437
29.875 78.125 -1.0879
29.875 78.375 0.11461
29.875 78.625 -0.10889
29.875 78.875 -0.040864
29.875 79.125 -0.66673
29.875 79.375 -0.59884
29.875 79.625 0.39376
29.875 79.875 -0.35438
29.875 80.125 -0.27359
29.875 80.375 -0.2693
30.125 74.125 -0.0015631
30.125 74.375 -0.54558
30.125 74.625 -0.70444
30.125 74.875 -0.53419
30.125 75.125 0.22699
30.125 75.375 0.31084
30.125 75.625 0.69239
30.125 75.875 -0.39147
30.125 76.125 -0.15019
30.125 76.375 -0.55901
30.125 76.625 -0.64418
30.125 76.875 -0.85518
30.125 77.125 -0.88121
30.125 77.375 -1.0483
30.125 77.625 0.048129
30.125 77.875 0.34691
30.125 78.125 0.21518
30.125 78.375 0.56753
30.125 78.625 0.35993
30.125 78.875 0.18724
30.125 79.125 -0.17991
30.125 79.375 -0.415
30.125 79.625 0.19528
30.125 79.875 -0.3755
30.125 80.125 -0.40196
30.125 80.375 -0.22354
30.125 80.625 -0.11647
30.375 74.125 -0.04266
30.375 74.375 -0.27573
30.375 74.625 0.030093
30.375 74.875 0.5087
30.375 75.125 0.47228
30.375 75.375 0.28393
30.375 75.625 -0.019442
30.375 75.875 -0.40979
30.375 76.125 -0.42317
30.375 76.375 -0.59432
30.375 76.625 -0.93829
30.375 76.875 -1.0421
30.375 77.125 -0.11952
30.375 77.375 -0.12971
30.375 77.625 0.085022
30.375 77.875 -0.019215
30.375 78.125 -0.33668
30.375 78.375 -1.1387
30.375 78.625 -0.17609
30.375 78.875 -0.16986
30.375 79.125 -0.19205
30.375 79.375 -0.34696
30.375 79.625 0.099487
30.375 79.875 0.024361
30.375 80.125 -0.033404
30.375 80.375 0.043608
30.375 80.625 -0.34956
30.625 74.375 0.2234
30.625 74.625 0.27182
30.625 74.875 0.25399
30.625 75.125 0.41549
30.625 75.375 -0.025394
30.625 75.625 -0.029499
30.625 75.875 -0.15474
30.625 76.125 -0.57705
30.625 76.375 -0.8973
30.625 76.625 -0.24585
30.625 76.875 0.044395
30.625 77.125 0.46643
30.625 77.375 0.62177
30.625 77.625 -0.30682
30.625 77.875 -0.21625
30.625 78.125 -0.21509
30.625 78.375 -0.71074
30.625 78.625 -0.50502
30.625 78.875 -0.11958
30.625 79.125 -0.23146
30.625 79.375 -0.30781
30.625 79.625 0.15973
30.625 79.875 -0.13393
30.625 80.125 0.08809
30.875 74.625 -0.24701
30.875 74.875 0.30502
30.875 75.125 0.69897
30.875 75.375 -0.26992
30.875 75.625 0.040321
30.875 75.875 -0.13866
30.875 76.125 0.029182
30.875 76.375 0.73566
30.875 76.625 0.3137
30.875 76.875 0.56382
30.875 77.125 0.64638
30.875 77.375 0.2503
30.875 77.625 -0.05857
30.875 77.875 -0.093407
30.875 78.125 -0.22348
30.875 78.375 -0.50619
30.875 78.625 -0.32664
30.875 78.875 0.31435
30.875 79.125 0.27339
NaN NaN NaN
NaN NaN NaN
NaN NaN NaN
31.125 74.875 -0.41837
31.125 75.125 0.23621
31.125 75.375 -0.5495
31.125 75.625 -0.50993
31.125 75.875 -0.04125
31.125 76.125 0.85164
31.125 76.375 0.16748
31.125 76.625 0.23919
31.125 76.875 1.1339
31.125 77.125 0.70418
31.125 77.375 0.23188
31.125 77.625 1.399
31.125 77.875 -0.17543
31.125 78.125 -0.63599
31.125 78.375 -0.56276
31.125 78.625 -0.27595
NaN NaN NaN
NaN NaN NaN
31.375 74.875 -0.43555
31.375 75.125 -0.56501
31.375 75.375 -0.92116
31.375 75.625 -0.027088
31.375 75.875 1.2198
31.375 76.125 0.73268
31.375 76.375 0.79476
31.375 76.625 0.18216
31.375 76.875 0.53763
31.375 77.125 0.64347
31.375 77.375 0.61896
31.375 77.625 1.3652
31.375 77.875 -0.3206
31.375 78.125 -0.49698
31.375 78.375 -0.32426
31.375 78.625 -0.54084
31.625 74.875 -0.099022
31.625 75.125 0.068339
31.625 75.375 -0.24634
31.625 75.625 -0.064583
31.625 75.875 -0.21408
31.625 76.125 0.30016
31.625 76.375 0.46578
31.625 76.625 0.65588
31.625 76.875 0.10832
31.625 77.125 0.30903
31.625 77.375 1.9585
31.625 77.625 1.349
31.625 77.875 0.032809
31.625 78.125 -0.02548
31.625 78.375 0.38291
31.625 78.625 -0.23266
31.875 74.875 0.39221
31.875 75.125 0.14187
31.875 75.375 -0.78657
31.875 75.625 -0.54738
31.875 75.875 -0.051318
31.875 76.125 0.23182
31.875 76.375 0.073618
31.875 76.625 0.24388
31.875 76.875 0.16944
31.875 77.125 0.08722
31.875 77.375 0.79678
31.875 77.625 1.2309
31.875 77.875 0.18404
31.875 78.125 -0.097136
31.875 78.375 0.012895
31.875 78.625 -0.34684
32.125 75.375 -0.13126
32.125 75.625 0.70683
32.125 75.875 0.20834
32.125 76.125 -0.4439
32.125 76.375 -0.26755
32.125 76.625 -0.31067
32.125 76.875 -0.038197
32.125 77.125 -0.0098768
32.125 77.375 -0.25265
32.125 77.625 0.22866
32.125 77.875 0.087917
32.125 78.125 -0.2843
32.125 78.375 -0.23081
32.375 75.375 0.21709
32.375 75.625 0.28249
32.375 75.875 0.10741
32.375 76.125 -0.93286
32.375 76.375 -0.52567
32.375 76.625 -0.45604
32.375 76.875 -0.09078
32.375 77.125 0.31141
32.375 77.375 0.016738
32.375 77.625 -0.25259
32.375 77.875 -0.44062
32.375 78.125 -0.24853
32.375 78.375 -0.66538
32.625 74.875 -0.003174
32.625 75.125 -0.025411
32.625 75.375 -0.23175
32.625 75.625 -0.10824
32.625 75.875 -0.40891
32.625 76.125 -0.48468
32.625 76.375 -0.54371
32.625 76.625 -0.43062
32.625 76.875 0.67991
32.625 77.125 0.57385
32.625 77.375 0.11404
32.625 77.625 -0.3732
32.625 77.875 -0.48902
32.625 78.125 -0.71907
32.625 78.375 -0.68681
32.625 78.625 -0.9233
32.625 78.875 -0.86965
32.625 79.125 -0.48305
32.625 79.375 -0.18373
32.875 74.375 0.35419
32.875 74.625 0.33908
32.875 74.875 0.36883
32.875 75.125 0.024602
32.875 75.375 -0.37609
32.875 75.625 -0.4476
32.875 75.875 -0.56561
32.875 76.125 -0.27681
32.875 76.375 -0.17449
32.875 76.625 0.11015
32.875 76.875 0.44242
32.875 77.125 0.27636
32.875 77.375 -0.12041
32.875 77.625 -0.62071
32.875 77.875 -1.0397
32.875 78.125 -0.51334
32.875 78.375 -0.59379
32.875 78.625 -0.85534
32.875 78.875 -0.70514
32.875 79.125 -0.53635
32.875 79.375 -0.48423
33.125 73.875 -0.11171
33.125 74.125 0.11926
33.125 74.375 0.43528
33.125 74.625 0.4378
33.125 74.875 0.06841
33.125 75.125 -0.12317
33.125 75.375 -0.70961
33.125 75.625 -0.73933
33.125 75.875 -0.45856
33.125 76.125 -0.10785
33.125 76.375 -0.07029
33.125 76.625 -0.017142
33.125 76.875 0.095069
33.125 77.125 -0.13015
33.125 77.375 -0.16749
33.125 77.625 -0.24798
33.125 77.875 -0.39909
33.125 78.125 -0.30906
33.125 78.375 -0.31749
33.125 78.625 -0.12819
33.125 78.875 -0.43008
33.125 79.125 -0.56126
33.375 73.875 -0.12061
33.375 74.125 0.012808
33.375 74.375 -0.32566
33.375 74.625 -0.80657
33.375 74.875 -0.90174
33.375 75.125 -1.2943
33.375 75.375 -0.95795
33.375 75.625 -0.82597
33.375 75.875 -0.33813
33.375 76.125 0.032926
33.375 76.375 0.6446
33.375 76.625 0.55394
33.375 76.875 0.22709
33.375 77.125 0.16373
33.375 77.375 -0.019213
33.375 77.625 -0.28322
33.375 77.875 -0.58923
33.375 78.125 0.092595
33.375 78.375 0.44382
33.375 78.625 0.12143
33.375 78.875 -0.1887
33.625 73.875 -0.10683
33.625 74.125 -0.072372
33.625 74.375 -0.84509
33.625 74.625 -1.0973
33.625 74.875 -0.62512
33.625 75.125 -1.0087
33.625 75.375 -0.92689
33.625 75.625 -0.78776
33.625 75.875 -0.44106
33.625 76.125 0.13085
33.625 76.375 0.4883
33.625 76.625 -0.19548
33.625 76.875 0.17301
33.625 77.125 0.142
33.625 77.375 0.27186
33.625 77.625 0.29049
33.625 77.875 0.4765
33.625 78.125 0.50885
33.625 78.375 0.2482
33.625 78.625 0.0037841
33.625 78.875 -0.32138
33.875 73.875 -0.3155
33.875 74.125 -0.62094
33.875 74.375 -0.6865
33.875 74.625 -0.46485
33.875 74.875 -0.93202
33.875 75.125 -0.66938
33.875 75.375 -0.63369
33.875 75.625 -0.74507
33.875 75.875 -0.2255
33.875 76.125 -0.1414
33.875 76.375 -0.064299
33.875 76.625 0.084421
33.875 76.875 -0.00087297
33.875 77.125 -0.012339
33.875 77.375 0.013207
33.875 77.625 -0.03625
33.875 77.875 -0.060667
33.875 78.125 0.3705
33.875 78.375 0.022541
33.875 78.625 -0.021059
33.875 78.875 0.093908
34.125 73.625 -0.8979
34.125 73.875 -0.53535
34.125 74.125 -0.25233
34.125 74.375 -0.91178
34.125 74.625 -0.66525
34.125 74.875 -0.83656
34.125 75.125 -0.59318
34.125 75.375 -0.66401
34.125 75.625 -0.74339
34.125 75.875 -0.42748
34.125 76.125 -0.33913
34.125 76.375 0.05455
34.125 76.625 0.14007
34.125 76.875 -0.18428
34.125 77.125 -0.36289
34.125 77.375 -0.24304
34.125 77.625 -0.046999
34.125 77.875 0.14954
34.125 78.125 0.22295
34.125 78.375 0.316
34.125 78.625 -0.10362
34.125 78.875 0.37443
34.125 79.125 0.3155
34.125 79.375 -0.11335
34.375 73.625 -0.78452
34.375 73.875 -0.76572
34.375 74.125 -1.1948
34.375 74.375 -0.92045
34.375 74.625 -0.76623
34.375 74.875 -0.75948
34.375 75.125 -0.70668
34.375 75.375 -0.96773
34.375 75.625 -0.629
34.375 75.875 -0.40847
34.375 76.125 -0.1698
34.375 76.375 -0.1385
34.375 76.625 -0.022563
34.375 76.875 -0.19105
34.375 77.125 0.071354
34.375 77.375 -0.12111
34.375 77.625 -0.045563
34.375 77.875 0.23296
34.375 78.125 0.32694
34.375 78.375 0.14867
34.375 78.625 0.35579
34.375 78.875 -0.31846
34.375 79.125 0.20298
34.375 79.375 -0.22826
34.625 73.875 -0.70265
34.625 74.125 -0.91501
34.625 74.375 -0.84444
34.625 74.625 -0.75181
34.625 74.875 -0.55505
34.625 75.125 -0.484
34.625 75.375 -0.7205
34.625 75.625 -0.93624
34.625 75.875 -0.20774
34.625 76.125 -0.45881
34.625 76.375 -0.39047
34.625 76.625 -0.044942
34.625 76.875 -0.25383
34.625 77.125 0.15115
34.625 77.375 -0.076853
34.625 77.625 0.33344
34.625 77.875 0.2031
34.625 78.125 0.47148
34.625 78.375 0.81179
34.625 78.625 -0.015255
34.625 78.875 -0.40137
34.625 79.125 -0.27253
34.625 79.375 -0.081623
34.625 79.625 -0.17998
34.875 74.125 -0.036588
34.875 74.375 -0.066025
34.875 74.625 -0.1751
34.875 74.875 -0.15916
34.875 75.125 -0.30707
34.875 75.375 -1.2817
34.875 75.625 -0.37144
34.875 75.875 -0.30178
34.875 76.125 -0.60548
34.875 76.375 -0.5732
34.875 76.625 -0.16649
34.875 76.875 0.091072
34.875 77.125 0.34297
34.875 77.375 0.28915
34.875 77.625 0.14064
34.875 77.875 0.35791
34.875 78.125 0.70224
34.875 78.375 1.0356
34.875 78.625 -0.30558
34.875 78.875 -0.36714
34.875 79.125 -0.23756
34.875 79.375 0.22967
34.875 79.625 -0.449
34.875 79.875 -0.29666
35.125 74.375 0.36316
35.125 74.625 -0.23089
35.125 74.875 -0.20069
35.125 75.125 -0.94236
35.125 75.375 -0.80963
35.125 75.625 -0.060882
35.125 75.875 -0.50564
35.125 76.125 -0.59431
35.125 76.375 -0.13701
35.125 76.625 0.035932
35.125 76.875 -0.25884
35.125 77.125 0.20127
35.125 77.375 0.1838
35.125 77.625 -0.28511
35.125 77.875 0.13533
35.125 78.125 -0.39632
35.125 78.375 -0.51255
35.125 78.625 -0.39912
35.125 78.875 0.036629
35.125 79.125 -0.039008
35.125 79.375 -0.19592
35.125 79.625 -0.37192
35.125 79.875 -0.039262
35.375 73.875 -0.62561
35.375 74.125 -0.76872
35.375 74.375 -0.60122
35.375 74.625 -0.46841
35.375 74.875 -0.31849
35.375 75.125 -0.76687
35.375 75.375 -0.18827
35.375 75.625 0.34054
35.375 75.875 -0.026079
35.375 76.125 0.28925
35.375 76.375 0.45555
35.375 76.625 0.18162
35.375 76.875 -0.016108
35.375 77.125 0.21076
35.375 77.375 -0.41953
35.375 77.625 -0.27095
35.375 77.875 -0.38872
35.375 78.125 -0.54434
35.375 78.375 -0.35391
35.375 78.625 -0.19123
35.375 78.875 -0.22189
35.375 79.125 -0.073678
35.375 79.375 -0.32543
35.375 79.625 -0.33752
35.375 79.875 -0.22181
NaN NaN NaN
35.625 73.375 -0.46834
35.625 73.625 -0.59981
35.625 73.875 -1.0446
35.625 74.125 -1.0324
35.625 74.375 -0.93193
35.625 74.625 -0.47836
35.625 74.875 -0.16044
35.625 75.125 -0.64321
35.625 75.375 0.22809
35.625 75.625 0.78895
35.625 75.875 0.53203
35.625 76.125 1.1813
35.625 76.375 -0.18491
35.625 76.625 -0.6657
35.625 76.875 -0.49777
35.625 77.125 -0.060099
35.625 78.375 -0.09829
35.625 78.625 0.0017378
35.625 78.875 -0.28766
35.625 79.125 -0.19913
35.625 79.375 -0.019933
35.625 79.625 0.016832
35.625 79.875 0.26923
35.625 80.125 0.66203
35.875 73.125 2.5582
35.875 73.375 0.73541
35.875 73.625 -0.21485
35.875 73.875 -0.59422
35.875 74.125 -0.5062
35.875 74.375 -1.203
35.875 74.625 -0.87775
35.875 74.875 -0.21238
35.875 75.125 -0.032206
35.875 75.375 -0.85387
35.875 75.625 0.16316
35.875 75.875 0.6593
35.875 76.125 0.070839
35.875 76.375 -0.18493
35.875 76.625 -0.64805
35.875 79.375 0.60898
36.125 72.625 1.3376
NaN NaN NaN
NaN NaN NaN
36.125 73.375 1.6079
36.125 73.625 0.74047
36.125 73.875 0.051429
36.125 74.125 -0.491
36.125 74.375 -0.79578
36.125 74.625 -0.60733
36.125 74.875 0.3034
36.125 75.125 0.17113
36.125 75.375 -0.80406
36.125 75.625 -1.0717
36.125 75.875 -0.44967
36.125 76.125 -0.27385
36.125 76.375 0.97197
36.125 76.625 0.092525
36.375 73.125 1.5547
36.375 73.375 1.5355
36.375 73.625 1.3774
36.375 73.875 0.76343
36.375 74.125 -0.056038
36.375 74.375 -0.37209
36.375 74.625 -0.48124
36.375 74.875 -0.36203
36.375 75.125 -0.16004
36.375 75.375 -0.35625
36.375 75.625 -0.75968
36.375 75.875 -0.37223
36.375 76.125 0.33682
36.625 73.375 1.6262
36.625 73.625 1.6855
36.625 73.875 1.3184
36.625 74.125 1.504
36.625 74.375 -0.58977
36.625 74.625 -0.20898
36.625 74.875 -0.32158
36.625 75.125 -0.78153
36.625 75.375 -0.79365
36.625 75.625 -0.23186
36.875 73.875 0.98162
36.875 74.375 0.21675
36.875 74.625 -0.13899
36.875 74.875 -0.80188
36.875 75.125 -1.0014
36.875 75.375 -0.963
